alpha      Beta       CL          CDi        CDv        CD         CY         Cl         Cm         Cn        Cni       QInf        XCP
  -10.000     0.000  -0.556697   0.008520   0.007529   0.016049   0.000000   0.000000   0.055554  -0.000000  -0.000000  141.0000     0.1577
   -9.900     0.000  -0.545661   0.008299   0.007478   0.015777   0.000000   0.000000   0.052338  -0.000000  -0.000000  141.0000     0.1494
   -9.800     0.000  -0.535515   0.008022   0.007434   0.015456   0.000000   0.000000   0.049380  -0.000000  -0.000000  141.0000     0.1413
   -9.700     0.000  -0.525617   0.007733   0.007391   0.015125   0.000000   0.000000   0.046494  -0.000000  -0.000000  141.0000     0.1332
   -9.600     0.000  -0.515744   0.007448   0.007351   0.014799   0.000000   0.000000   0.043615   0.000000  -0.000000  141.0000     0.1247
   -9.500     0.000  -0.505874   0.007167   0.007311   0.014478   0.000000   0.000000   0.040737   0.000000  -0.000000  141.0000     0.1159
   -9.400     0.000  -0.495999   0.006891   0.007272   0.014163   0.000000   0.000000   0.037855  -0.000000  -0.000000  141.0000     0.1068
   -9.300     0.000  -0.486114   0.006620   0.007233   0.013853   0.000000   0.000000   0.034970  -0.000000  -0.000000  141.0000     0.0972
   -9.200     0.000  -0.476221   0.006355   0.007193   0.013548   0.000000   0.000000   0.032082   0.000000   0.000000  141.0000     0.0873
   -9.100     0.000  -0.466323   0.006094   0.007154   0.013249   0.000000   0.000000   0.029192   0.000000   0.000000  141.0000     0.0768
   -9.000     0.000  -0.456424   0.005839   0.007116   0.012955   0.000000   0.000000   0.026301   0.000000  -0.000000  141.0000     0.0660
   -8.900     0.000  -0.446524   0.005590   0.007078   0.012668   0.000000   0.000000   0.023410   0.000000  -0.000000  141.0000     0.0546
   -8.800     0.000  -0.436620   0.005346   0.007040   0.012386   0.000000   0.000000   0.020516   0.000000  -0.000000  141.0000     0.0427
   -8.700     0.000  -0.426714   0.005107   0.007002   0.012109   0.000000  -0.000000   0.017621  -0.000000  -0.000000  141.0000     0.0303
   -8.600     0.000  -0.416797   0.004874   0.006963   0.011837   0.000000   0.000000   0.014720  -0.000000  -0.000000  141.0000     0.0171
   -8.500     0.000  -0.406873   0.004645   0.006922   0.011568   0.000000   0.000000   0.011814  -0.000000  -0.000000  141.0000     0.0034
   -8.400     0.000  -0.396935   0.004422   0.006881   0.011304   0.000000  -0.000000   0.008901   0.000000  -0.000000  141.0000    -0.0112
   -8.300     0.000  -0.386982   0.004205   0.006841   0.011046   0.000000   0.000000   0.005984   0.000000  -0.000000  141.0000    -0.0265
   -8.200     0.000  -0.377013   0.003992   0.006801   0.010793   0.000000   0.000000   0.003059   0.000000  -0.000000  141.0000    -0.0426
   -8.100     0.000  -0.367031   0.003784   0.006760   0.010545   0.000000   0.000000   0.000128   0.000000  -0.000000  141.0000    -0.0597
   -8.000     0.000  -0.357035   0.003582   0.006720   0.010302   0.000000   0.000000  -0.002808   0.000000  -0.000000  141.0000    -0.0777
   -7.900     0.000  -0.347029   0.003386   0.006679   0.010064   0.000000   0.000000  -0.005749  -0.000000  -0.000000  141.0000    -0.0969
   -7.800     0.000  -0.337016   0.003194   0.006636   0.009830   0.000000   0.000000  -0.008695   0.000000  -0.000000  141.0000    -0.1173
   -7.700     0.000  -0.326991   0.003008   0.006594   0.009603   0.000000   0.000000  -0.011645   0.000000  -0.000000  141.0000    -0.1389
   -7.600     0.000  -0.316959   0.002828   0.006554   0.009382   0.000000   0.000000  -0.014597   0.000000  -0.000000  141.0000    -0.1619
   -7.500     0.000  -0.306933   0.002653   0.006504   0.009156   0.000000   0.000000  -0.017556   0.000000  -0.000000  141.0000    -0.1864
   -7.400     0.000  -0.296907   0.002483   0.006446   0.008930   0.000000   0.000000  -0.020523   0.000000  -0.000000  141.0000    -0.2127
   -7.300     0.000  -0.286848   0.002319   0.006408   0.008728   0.000000   0.000000  -0.023486   0.000000  -0.000000  141.0000    -0.2413
   -7.200     0.000  -0.276779   0.002161   0.006375   0.008535   0.000000   0.000000  -0.026450   0.000000  -0.000000  141.0000    -0.2712
   -7.100     0.000  -0.266703   0.002007   0.006335   0.008342   0.000000   0.000000  -0.029424  -0.000000  -0.000000  141.0000    -0.3041
   -7.000     0.000  -0.256623   0.001860   0.006285   0.008145   0.000000   0.000000  -0.032411   0.000000   0.000000  141.0000    -0.3392
   -6.900     0.000  -0.246538   0.001718   0.006205   0.007923   0.000000   0.000000  -0.035431   0.000000  -0.000000  141.0000    -0.3776
   -6.800     0.000  -0.236448   0.001581   0.006105   0.007687   0.000000   0.000000  -0.038469   0.000000  -0.000000  141.0000    -0.4198
   -6.700     0.000  -0.226358   0.001450   0.006033   0.007484   0.000000   0.000000  -0.041481   0.000000  -0.000000  141.0000    -0.4651
   -6.600     0.000  -0.216261   0.001325   0.006003   0.007328   0.000000   0.000000  -0.044460   0.000000  -0.000000  141.0000    -0.5152
   -6.500     0.000  -0.206166   0.001206   0.005975   0.007181   0.000000   0.000000  -0.047438   0.000000  -0.000000  141.0000    -0.5690
   -6.400     0.000  -0.196071   0.001092   0.005949   0.007040   0.000000   0.000000  -0.050415   0.000000  -0.000000  141.0000    -0.6294
   -6.300     0.000  -0.185979   0.000983   0.005927   0.006910   0.000000   0.000000  -0.053386   0.000000  -0.000000  141.0000    -0.6954
   -6.200     0.000  -0.175885   0.000881   0.005906   0.006787   0.000000   0.000000  -0.056357   0.000000  -0.000000  141.0000    -0.7703
   -6.100     0.000  -0.165789   0.000784   0.005887   0.006670   0.000000   0.000000  -0.059328   0.000000   0.000000  141.0000    -0.8533
   -6.000     0.000  -0.155692   0.000692   0.005867   0.006560   0.000000   0.000000  -0.062299   0.000000   0.000000  141.0000    -0.9472
   -5.900     0.000  -0.145589   0.000607   0.005848   0.006455   0.000000  -0.000000  -0.065272   0.000000  -0.000000  141.0000    -1.0553
   -5.800     0.000  -0.135485   0.000527   0.005829   0.006356   0.000000   0.000000  -0.068244   0.000000  -0.000000  141.0000    -1.1771
   -5.700     0.000  -0.125377   0.000452   0.005811   0.006263   0.000000   0.000000  -0.071218   0.000000  -0.000000  141.0000    -1.3260
   -5.600     0.000  -0.115266   0.000383   0.005792   0.006175   0.000000   0.000000  -0.074193   0.000000  -0.000000  141.0000    -1.4898
   -5.500     0.000  -0.105155   0.000320   0.005774   0.006094   0.000000   0.000000  -0.077167   0.000000  -0.000000  141.0000    -1.7019
   -5.400     0.000  -0.095043   0.000263   0.005756   0.006019   0.000000   0.000000  -0.080142   0.000000  -0.000000  141.0000    -1.9414
   -5.300     0.000  -0.084938   0.000211   0.005740   0.005951   0.000000  -0.000000  -0.083113   0.000000  -0.000000  141.0000    -2.2529
   -5.200     0.000  -0.074847   0.000165   0.005725   0.005890   0.000000   0.000000  -0.086078   0.000000  -0.000000  141.0000    -2.6562
   -5.100     0.000  -0.064757   0.000125   0.005711   0.005836   0.000000   0.000000  -0.089042   0.000000  -0.000000  141.0000    -3.1708
   -5.000     0.000  -0.054703   0.000090   0.005703   0.005793   0.000000   0.000000  -0.091987   0.000000  -0.000000  141.0000    -4.0870
   -4.900     0.000  -0.044649   0.000061   0.005694   0.005755   0.000000   0.000000  -0.094933   0.000000   0.000000  141.0000    -5.1018
   -4.800     0.000  -0.034597   0.000038   0.005687   0.005725   0.000000   0.000000  -0.097877   0.000000  -0.000000  141.0000    -7.3727
   -4.700     0.000  -0.024545   0.000020   0.005681   0.005701   0.000000   0.000000  -0.100820   0.000000  -0.000000  141.0000   -10.5013
   -4.600     0.000  -0.014483   0.000008   0.005673   0.005681   0.000000  -0.000000  -0.103769   0.000000  -0.000000  141.0000    -9.1902
   -4.500     0.000  -0.004402   0.000001   0.005662   0.005663   0.000000   0.000000  -0.106728   0.000000   0.000000  141.0000     5.6231
   -4.400     0.000   0.005678   0.000000   0.005652   0.005652   0.000000  -0.000000  -0.109687   0.000000  -0.000000  141.0000    40.5829
   -4.300     0.000   0.015786   0.000005   0.005638   0.005643   0.000000   0.000000  -0.112659  -0.000000  -0.000000  141.0000    24.2873
   -4.200     0.000   0.025894   0.000015   0.005625   0.005640   0.000000   0.000000  -0.115632   0.000000  -0.000000  141.0000    12.7028
   -4.100     0.000   0.036010   0.000031   0.005610   0.005642   0.000000   0.000000  -0.118609   0.000000  -0.000000  141.0000     7.5870
   -4.000     0.000   0.046132   0.000053   0.005595   0.005649   0.000000  -0.000000  -0.121589   0.000000   0.000000  141.0000     6.0788
   -3.900     0.000   0.056256   0.000081   0.005580   0.005661   0.000000  -0.000000  -0.124570   0.000000   0.000000  141.0000     4.8986
   -3.800     0.000   0.066389   0.000114   0.005564   0.005678   0.000000  -0.000000  -0.127556   0.000000   0.000000  141.0000     4.2813
   -3.700     0.000   0.076525   0.000153   0.005546   0.005698   0.000000  -0.000000  -0.130545  -0.000000  -0.000000  141.0000     3.7409
   -3.600     0.000   0.086700   0.000198   0.005513   0.005710   0.000000  -0.000000  -0.133561   0.000000  -0.000000  141.0000     3.3808
   -3.500     0.000   0.096860   0.000248   0.005488   0.005737   0.000000  -0.000000  -0.136565   0.000000  -0.000000  141.0000     3.0823
   -3.400     0.000   0.107014   0.000304   0.005468   0.005772   0.000000  -0.000000  -0.139564   0.000000  -0.000000  141.0000     2.8405
   -3.300     0.000   0.117164   0.000366   0.005448   0.005815   0.000000  -0.000000  -0.142561   0.000000  -0.000000  141.0000     2.6482
   -3.200     0.000   0.127308   0.000434   0.005431   0.005865   0.000000   0.000000  -0.145554  -0.000000  -0.000000  141.0000     2.4775
   -3.100     0.000   0.137454   0.000507   0.005410   0.005917   0.000000  -0.000000  -0.148553  -0.000000  -0.000000  141.0000     2.3410
   -3.000     0.000   0.147607   0.000586   0.005383   0.005969   0.000000  -0.000000  -0.151561  -0.000000  -0.000000  141.0000     2.2178
   -2.900     0.000   0.157737   0.000671   0.005360   0.006031   0.000000  -0.000000  -0.154557   0.000000  -0.000000  141.0000     2.1146
   -2.800     0.000   0.167843   0.000761   0.005346   0.006106   0.000000  -0.000000  -0.157538   0.000000  -0.000000  141.0000     2.0218
   -2.700     0.000   0.177940   0.000856   0.005332   0.006189   0.000000   0.000000  -0.160516   0.000000  -0.000000  141.0000     1.9408
   -2.600     0.000   0.188042   0.000958   0.005316   0.006273   0.000000  -0.000000  -0.163500  -0.000000  -0.000000  141.0000     1.8683
   -2.500     0.000   0.198158   0.001065   0.005294   0.006359   0.000000  -0.000000  -0.166494  -0.000000  -0.000000  141.0000     1.8029
   -2.400     0.000   0.208282   0.001178   0.005272   0.006449   0.000000  -0.000000  -0.169492   0.000000  -0.000000  141.0000     1.7446
   -2.300     0.000   0.218400   0.001296   0.005253   0.006549   0.000000  -0.000000  -0.172484   0.000000  -0.000000  141.0000     1.6907
   -2.200     0.000   0.228509   0.001420   0.005237   0.006657   0.000000  -0.000000  -0.175468   0.000000  -0.000000  141.0000     1.6425
   -2.100     0.000   0.238627   0.001550   0.005219   0.006769   0.000000  -0.000000  -0.178459   0.000000   0.000000  141.0000     1.5976
   -2.000     0.000   0.248753   0.001686   0.005195   0.006880   0.000000  -0.000000  -0.181461  -0.000000  -0.000000  141.0000     1.5569
   -1.900     0.000   0.258858   0.001827   0.005174   0.007001   0.000000  -0.000000  -0.184449  -0.000000  -0.000000  141.0000     1.5194
   -1.800     0.000   0.268952   0.001973   0.005155   0.007128   0.000000  -0.000000  -0.187432   0.000000  -0.000000  141.0000     1.4847
   -1.700     0.000   0.279047   0.002125   0.005132   0.007258   0.000000  -0.000000  -0.190423   0.000000  -0.000000  141.0000     1.4528
   -1.600     0.000   0.289119   0.002283   0.005113   0.007396   0.000000  -0.000000  -0.193404  -0.000000   0.000000  141.0000     1.4228
   -1.500     0.000   0.299130   0.002446   0.005106   0.007551   0.000000  -0.000000  -0.196348   0.000000  -0.000000  141.0000     1.3959
   -1.400     0.000   0.309115   0.002613   0.005104   0.007717   0.000000  -0.000000  -0.199273   0.000000  -0.000000  141.0000     1.3706
   -1.300     0.000   0.319087   0.002786   0.005103   0.007889   0.000000  -0.000000  -0.202187   0.000000  -0.000000  141.0000     1.3462
   -1.200     0.000   0.329030   0.002963   0.005110   0.008073   0.000000  -0.000000  -0.205081  -0.000000  -0.000000  141.0000     1.3227
   -1.100     0.000   0.338771   0.003146   0.005130   0.008276   0.000000  -0.000000  -0.207899  -0.000000  -0.000000  141.0000     1.3008
   -1.000     0.000   0.348454   0.003329   0.005161   0.008490   0.000000  -0.000000  -0.210673   0.000000  -0.000000  141.0000     1.2803
   -0.900     0.000   0.358202   0.003519   0.005179   0.008698   0.000000  -0.000000  -0.213476   0.000000  -0.000000  141.0000     1.2611
   -0.800     0.000   0.368104   0.003716   0.005177   0.008893   0.000000  -0.000000  -0.216357   0.000000  -0.000000  141.0000     1.2430
   -0.700     0.000   0.378100   0.003921   0.005165   0.009086   0.000000  -0.000000  -0.219292  -0.000000  -0.000000  141.0000     1.2258
   -0.600     0.000   0.388042   0.004131   0.005162   0.009294   0.000000  -0.000000  -0.222199  -0.000000  -0.000000  141.0000     1.2095
   -0.500     0.000   0.397897   0.004345   0.005168   0.009514   0.000000  -0.000000  -0.225077   0.000000  -0.000000  141.0000     1.1940
   -0.400     0.000   0.407438   0.004560   0.005201   0.009761   0.000000  -0.000000  -0.227827   0.000000  -0.000000  141.0000     1.1797
   -0.300     0.000   0.416886   0.004777   0.005247   0.010023   0.000000  -0.000000  -0.230515   0.000000  -0.000000  141.0000     1.1661
   -0.200     0.000   0.426222   0.004996   0.005306   0.010301   0.000000   0.000000  -0.233137  -0.000000  -0.000000  141.0000     1.1531
   -0.100     0.000   0.435553   0.005222   0.005364   0.010586   0.000000  -0.000000  -0.235755   0.000000  -0.000000  141.0000     1.1403
    0.000     0.000   0.444858   0.005450   0.005428   0.010878   0.000000  -0.000000  -0.238351  -0.000000  -0.000000  141.0000     1.1280
    0.100     0.000   0.454125   0.005681   0.005496   0.011177   0.000000  -0.000000  -0.240926  -0.000000  -0.000000  141.0000     1.1162
    0.200     0.000   0.463319   0.005913   0.005572   0.011485   0.000000  -0.000000  -0.243459  -0.000000  -0.000000  141.0000     1.1049
    0.300     0.000   0.472070   0.006145   0.005680   0.011825   0.000000  -0.000000  -0.245803  -0.000000  -0.000000  141.0000     1.0943
    0.400     0.000   0.480644   0.006376   0.005808   0.012184   0.000000  -0.000000  -0.248036  -0.000000  -0.000000  141.0000     1.0839
    0.500     0.000   0.489187   0.006608   0.005939   0.012547   0.000000  -0.000000  -0.250216  -0.000000  -0.000000  141.0000     1.0739
    0.600     0.000   0.497820   0.006846   0.006061   0.012907   0.000000  -0.000000  -0.252447  -0.000000  -0.000000  141.0000     1.0642
    0.700     0.000   0.506725   0.007091   0.006159   0.013249   0.000000  -0.000000  -0.254798   0.000000  -0.000000  141.0000     1.0549
    0.800     0.000   0.515777   0.007345   0.006241   0.013586   0.000000  -0.000000  -0.257219  -0.000000  -0.000000  141.0000     1.0458
    0.900     0.000   0.525238   0.007615   0.006287   0.013902   0.000000  -0.000000  -0.259872  -0.000000  -0.000000  141.0000     1.0372
    1.000     0.000   0.534703   0.007892   0.006332   0.014224   0.000000  -0.000000  -0.262544   0.000000  -0.000000  141.0000     1.0288
    1.100     0.000   0.543985   0.008171   0.006393   0.014564   0.000000  -0.000000  -0.265144  -0.000000  -0.000000  141.0000     1.0206
    1.200     0.000   0.553547   0.008461   0.006429   0.014890   0.000000  -0.000000  -0.267867  -0.000000  -0.000000  141.0000     1.0128
    1.300     0.000   0.562924   0.008752   0.006479   0.015231   0.000000  -0.000000  -0.270534  -0.000000  -0.000000  141.0000     1.0052
    1.400     0.000   0.572180   0.009045   0.006534   0.015579   0.000000  -0.000000  -0.273154  -0.000000  -0.000000  141.0000     0.9980
    1.500     0.000   0.581447   0.009343   0.006586   0.015929   0.000000  -0.000000  -0.275772  -0.000000  -0.000000  141.0000     0.9909
    1.600     0.000   0.590526   0.009641   0.006654   0.016295   0.000000  -0.000000  -0.278302  -0.000000  -0.000000  141.0000     0.9841
    1.700     0.000   0.599598   0.009949   0.006718   0.016668   0.000000  -0.000000  -0.280833  -0.000000  -0.000000  141.0000     0.9776
    1.800     0.000   0.608512   0.010246   0.006812   0.017057   0.000000   0.000000  -0.283284  -0.000000  -0.000000  141.0000     0.9711
    1.900     0.000   0.616639   0.010534   0.006971   0.017505   0.000000  -0.000000  -0.285390  -0.000000  -0.000000  141.0000     0.9649
    2.000     0.000   0.625005   0.010828   0.007106   0.017934   0.000000  -0.000000  -0.287585  -0.000000  -0.000000  141.0000     0.9588
    2.100     0.000   0.634096   0.011135   0.007186   0.018321   0.000000  -0.000000  -0.290061  -0.000000  -0.000000  141.0000     0.9527
    2.200     0.000   0.643115   0.011450   0.007264   0.018714   0.000000  -0.000000  -0.292574   0.000000  -0.000000  141.0000     0.9471
    2.300     0.000   0.652729   0.011790   0.007283   0.019073   0.000000  -0.000000  -0.295320  -0.000000  -0.000000  141.0000     0.9415
    2.400     0.000   0.662294   0.012141   0.007297   0.019438   0.000000  -0.000000  -0.298077   0.000000  -0.000000  141.0000     0.9361
    2.500     0.000   0.671725   0.012492   0.007324   0.019816   0.000000   0.000000  -0.300763   0.000000  -0.000000  141.0000     0.9309
    2.600     0.000   0.681054   0.012842   0.007362   0.020204   0.000000  -0.000000  -0.303406  -0.000000  -0.000000  141.0000     0.9257
    2.700     0.000   0.690366   0.013178   0.007410   0.020587   0.000000  -0.000000  -0.306079  -0.000000   0.000000  141.0000     0.9207
    2.800     0.000   0.699806   0.013539   0.007436   0.020974   0.000000  -0.000000  -0.308786  -0.000000  -0.000000  141.0000     0.9159
    2.900     0.000   0.709283   0.013919   0.007449   0.021368   0.000000   0.000000  -0.311511  -0.000000  -0.000000  141.0000     0.9112
    3.000     0.000   0.718892   0.014303   0.007453   0.021756   0.000000  -0.000000  -0.314282  -0.000000  -0.000000  141.0000     0.9066
    3.100     0.000   0.728467   0.014692   0.007456   0.022148   0.000000   0.000000  -0.317054  -0.000000  -0.000000  141.0000     0.9022
    3.200     0.000   0.738146   0.015076   0.007458   0.022534   0.000000  -0.000000  -0.319861  -0.000000  -0.000000  141.0000     0.8978
    3.300     0.000   0.747723   0.015473   0.007458   0.022931   0.000000  -0.000000  -0.322644  -0.000000  -0.000000  141.0000     0.8937
    3.400     0.000   0.757238   0.015871   0.007468   0.023339   0.000000  -0.000000  -0.325391  -0.000000  -0.000000  141.0000     0.8896
    3.500     0.000   0.766716   0.016272   0.007485   0.023757   0.000000  -0.000000  -0.328111  -0.000000  -0.000000  141.0000     0.8855
    3.600     0.000   0.776171   0.016676   0.007506   0.024182   0.000000  -0.000000  -0.330810   0.000000   0.000000  141.0000     0.8816
    3.700     0.000   0.785623   0.017086   0.007526   0.024612   0.000000  -0.000000  -0.333506  -0.000000  -0.000000  141.0000     0.8776
    3.800     0.000   0.794986   0.017502   0.007553   0.025055   0.000000  -0.000000  -0.336160   0.000000   0.000000  141.0000     0.8738
    3.900     0.000   0.804417   0.017916   0.007577   0.025493   0.000000  -0.000000  -0.338837  -0.000000  -0.000000  141.0000     0.8701
    4.000     0.000   0.813808   0.018341   0.007596   0.025938   0.000000  -0.000000  -0.341507  -0.000000  -0.000000  141.0000     0.8664
    4.100     0.000   0.823141   0.018765   0.007625   0.026390   0.000000  -0.000000  -0.344151  -0.000000  -0.000000  141.0000     0.8629
    4.200     0.000   0.832463   0.019162   0.007671   0.026834   0.000000  -0.000000  -0.346786  -0.000000  -0.000000  141.0000     0.8593
    4.300     0.000   0.841767   0.019606   0.007693   0.027299   0.000000  -0.000000  -0.349416  -0.000000  -0.000000  141.0000     0.8559
    4.400     0.000   0.851114   0.020048   0.007715   0.027764   0.000000  -0.000000  -0.352059  -0.000000  -0.000000  141.0000     0.8525
    4.500     0.000   0.860446   0.020493   0.007740   0.028233   0.000000  -0.000000  -0.354684   0.000000   0.000000  141.0000     0.8492
    4.600     0.000   0.869781   0.020942   0.007763   0.028705   0.000000  -0.000000  -0.357312  -0.000000  -0.000000  141.0000     0.8460
    4.700     0.000   0.879067   0.021394   0.007786   0.029180   0.000000  -0.000000  -0.359922  -0.000000  -0.000000  141.0000     0.8428
    4.800     0.000   0.888217   0.021851   0.007817   0.029668   0.000000  -0.000000  -0.362476   0.000000  -0.000000  141.0000     0.8397
    4.900     0.000   0.897335   0.022301   0.007854   0.030155   0.000000  -0.000000  -0.364997  -0.000000  -0.000000  141.0000     0.8366
    5.000     0.000   0.906387   0.022755   0.007894   0.030649   0.000000  -0.000000  -0.367484  -0.000000  -0.000000  141.0000     0.8336
    5.100     0.000   0.915419   0.023213   0.007936   0.031149   0.000000  -0.000000  -0.369963  -0.000000  -0.000000  141.0000     0.8305
    5.200     0.000   0.924320   0.023670   0.007987   0.031657   0.000000   0.000000  -0.372354  -0.000000  -0.000000  141.0000     0.8275
    5.300     0.000   0.933204   0.024130   0.008038   0.032169   0.000000  -0.000000  -0.374737  -0.000000  -0.000000  141.0000     0.8246
    5.400     0.000   0.942099   0.024595   0.008088   0.032683   0.000000  -0.000000  -0.377126  -0.000000  -0.000000  141.0000     0.8216
    5.500     0.000   0.950998   0.025064   0.008136   0.033201   0.000000  -0.000000  -0.379517  -0.000000  -0.000000  141.0000     0.8187
    5.600     0.000   0.959901   0.025539   0.008183   0.033721   0.000000  -0.000000  -0.381913  -0.000000  -0.000000  141.0000     0.8159
    5.700     0.000   0.968761   0.026015   0.008231   0.034246   0.000000  -0.000000  -0.384284   0.000000  -0.000000  141.0000     0.8131
    5.800     0.000   0.977597   0.026495   0.008280   0.034775   0.000000  -0.000000  -0.386642  -0.000000  -0.000000  141.0000     0.8103
    5.900     0.000   0.986432   0.026979   0.008326   0.035305   0.000000  -0.000000  -0.389007  -0.000000  -0.000000  141.0000     0.8076
    6.000     0.000   0.995249   0.027467   0.008372   0.035839   0.000000  -0.000000  -0.391365  -0.000000  -0.000000  141.0000     0.8049
    6.100     0.000   1.004028   0.027956   0.008419   0.036375   0.000000  -0.000000  -0.393705  -0.000000  -0.000000  141.0000     0.8023
    6.200     0.000   1.012774   0.028449   0.008466   0.036915   0.000000  -0.000000  -0.396028  -0.000000  -0.000000  141.0000     0.7997
    6.300     0.000   1.021495   0.028944   0.008514   0.037458   0.000000  -0.000000  -0.398339  -0.000000  -0.000000  141.0000     0.7972
    6.400     0.000   1.030200   0.029443   0.008560   0.038003   0.000000  -0.000000  -0.400644  -0.000000  -0.000000  141.0000     0.7946
    6.500     0.000   1.038472   0.029929   0.008623   0.038552   0.000000  -0.000000  -0.402767  -0.000000  -0.000000  141.0000     0.7921
    6.600     0.000   1.046529   0.030412   0.008691   0.039103   0.000000  -0.000000  -0.404816  -0.000000  -0.000000  141.0000     0.7896
    6.700     0.000   1.055034   0.030905   0.008742   0.039648   0.000000  -0.000000  -0.407022  -0.000000  -0.000000  141.0000     0.7871
    6.800     0.000   1.063436   0.031403   0.008795   0.040198   0.000000  -0.000000  -0.409185  -0.000000  -0.000000  141.0000     0.7847
    6.900     0.000   1.071726   0.031900   0.008850   0.040749   0.000000  -0.000000  -0.411324  -0.000000  -0.000000  141.0000     0.7823
    7.000     0.000   1.079902   0.032394   0.008907   0.041301   0.000000   0.000000  -0.413415  -0.000000  -0.000000  141.0000     0.7800
    7.100     0.000   1.088185   0.032898   0.008958   0.041856   0.000000  -0.000000  -0.415534  -0.000000  -0.000000  141.0000     0.7776
    7.200     0.000   1.096412   0.033403   0.009010   0.042413   0.000000  -0.000000  -0.417626  -0.000000  -0.000000  141.0000     0.7753
    7.300     0.000   1.104547   0.033907   0.009061   0.042968   0.000000  -0.000000  -0.419678  -0.000000  -0.000000  141.0000     0.7730
    7.400     0.000   1.112340   0.034400   0.009114   0.043514   0.000000   0.000000  -0.421585  -0.000000  -0.000000  141.0000     0.7707
    7.500     0.000   1.119917   0.034884   0.009167   0.044051   0.000000  -0.000000  -0.423399  -0.000000  -0.000000  141.0000     0.7684
    7.600     0.000   1.127428   0.035366   0.009221   0.044587   0.000000  -0.000000  -0.425177  -0.000000  -0.000000  141.0000     0.7660
    7.700     0.000   1.134836   0.035852   0.009274   0.045126   0.000000   0.000000  -0.426905  -0.000000  -0.000000  141.0000     0.7637
    7.800     0.000   1.142153   0.036325   0.009328   0.045653   0.000000  -0.000000  -0.428591  -0.000000  -0.000000  141.0000     0.7614
    7.900     0.000   1.149234   0.036774   0.009391   0.046164   0.000000  -0.000000  -0.430194   0.000000   0.000000  141.0000     0.7591
    8.000     0.000   1.156265   0.037245   0.009448   0.046694   0.000000  -0.000000  -0.431772  -0.000000  -0.000000  141.0000     0.7568
    8.100     0.000   1.163301   0.037715   0.009505   0.047220   0.000000  -0.000000  -0.433336  -0.000000  -0.000000  141.0000     0.7545
    8.200     0.000   1.170292   0.038183   0.009563   0.047746   0.000000  -0.000000  -0.434879  -0.000000  -0.000000  141.0000     0.7522
    8.300     0.000   1.177190   0.038648   0.009621   0.048270   0.000000  -0.000000  -0.436374  -0.000000  -0.000000  141.0000     0.7499
    8.400     0.000   1.184045   0.039114   0.009679   0.048793   0.000000  -0.000000  -0.437850   0.000000   0.000000  141.0000     0.7477
    8.500     0.000   1.190912   0.039581   0.009738   0.049320   0.000000   0.000000  -0.439319  -0.000000  -0.000000  141.0000     0.7454
    8.600     0.000   1.196684   0.040039   0.009797   0.049836   0.000000  -0.000000  -0.440352  -0.000000  -0.000000  141.0000     0.7431
    8.700     0.000   1.201217   0.040407   0.009856   0.050264   0.000000   0.000000  -0.440773  -0.000000  -0.000000  141.0000     0.7405
    8.800     0.000   1.206410   0.040766   0.009919   0.050685   0.000000  -0.000000  -0.441434  -0.000000  -0.000000  141.0000     0.7379
    8.900     0.000   1.212944   0.041201   0.009985   0.051186   0.000000  -0.000000  -0.442737  -0.000000  -0.000000  141.0000     0.7356
    9.000     0.000   1.215776   0.041513   0.010044   0.051557   0.000000  -0.000000  -0.442045  -0.000000  -0.000000  141.0000     0.7324
    9.100     0.000   1.221856   0.041868   0.010116   0.051984   0.000000  -0.000000  -0.443081  -0.000000  -0.000000  141.0000     0.7300
    9.200     0.000   1.227504   0.042259   0.010191   0.052451   0.000000  -0.000000  -0.444010   0.000000  -0.000000  141.0000     0.7277
    9.300     0.000   1.232776   0.042656   0.010275   0.052931   0.000000  -0.000000  -0.444803  -0.000000  -0.000000  141.0000     0.7253
    9.400     0.000   1.238661   0.043061   0.010355   0.053416   0.000000  -0.000000  -0.445826   0.000000   0.000000  141.0000     0.7231
    9.500     0.000   1.240048   0.043240   0.010422   0.053662   0.000000  -0.000000  -0.443997  -0.000000  -0.000000  141.0000     0.7191
    9.600     0.000   1.245749   0.043583   0.010504   0.054087   0.000000  -0.000000  -0.444789  -0.000000  -0.000000  141.0000     0.7166
    9.700     0.000   1.251212   0.043964   0.010587   0.054552   0.000000  -0.000000  -0.445579   0.000000   0.000000  141.0000     0.7143
    9.800     0.000   1.256938   0.044366   0.010672   0.055038   0.000000  -0.000000  -0.446536  -0.000000  -0.000000  141.0000     0.7121
    9.900     0.000   1.262841   0.044786   0.010756   0.055542   0.000000   0.000000  -0.447551  -0.000000  -0.000000  141.0000     0.7100
   10.000     0.000   1.268762   0.045218   0.010842   0.056060   0.000000   0.000000  -0.448591  -0.000000  -0.000000  141.0000     0.7078
   10.100     0.000   1.274580   0.045677   0.010934   0.056611   0.000000  -0.000000  -0.449608  -0.000000   0.000000  141.0000     0.7058
   10.200     0.000   1.280156   0.046070   0.011031   0.057102   0.000000  -0.000000  -0.450499  -0.000000  -0.000000  141.0000     0.7036
   10.300     0.000   1.284533   0.046472   0.011139   0.057611   0.000000  -0.000000  -0.450982  -0.000000  -0.000000  141.0000     0.7015
   10.400     0.000   1.287814   0.046772   0.011267   0.058039   0.000000  -0.000000  -0.450922  -0.000000  -0.000000  141.0000     0.6990
   10.500     0.000   1.292217   0.047072   0.011370   0.058442   0.000000  -0.000000  -0.451021  -0.000000  -0.000000  141.0000     0.6964
   10.600     0.000   1.296934   0.047411   0.011467   0.058878   0.000000   0.000000  -0.451271  -0.000000  -0.000000  141.0000     0.6939
   10.700     0.000   1.300076   0.047683   0.011587   0.059270   0.000000   0.000000  -0.450763  -0.000000  -0.000000  141.0000     0.6910
   10.800     0.000   1.304400   0.048004   0.011709   0.059713   0.000000  -0.000000  -0.451117  -0.000000  -0.000000  141.0000     0.6888
   10.900     0.000   1.309573   0.048346   0.011825   0.060171   0.000000  -0.000000  -0.451810   0.000000   0.000000  141.0000     0.6866
   11.000     0.000   1.314688   0.048706   0.011941   0.060646   0.000000  -0.000000  -0.452537   0.000000   0.000000  141.0000     0.6846
   11.100     0.000   1.320042   0.049107   0.012053   0.061160   0.000000   0.000000  -0.453339   0.000000   0.000000  141.0000     0.6826
   11.200     0.000   1.323542   0.049420   0.012187   0.061607   0.000000   0.000000  -0.453065  -0.000000  -0.000000  141.0000     0.6800
   11.300     0.000   1.327279   0.049738   0.012331   0.062070   0.000000   0.000000  -0.453092  -0.000000  -0.000000  141.0000     0.6777
   11.400     0.000   1.330923   0.050031   0.012493   0.062524   0.000000   0.000000  -0.453202  -0.000000  -0.000000  141.0000     0.6754
   11.500     0.000   1.333831   0.050317   0.012677   0.062994   0.000000  -0.000000  -0.453089  -0.000000  -0.000000  141.0000     0.6732
   11.600     0.000   1.338909   0.050684   0.012814   0.063498   0.000000   0.000000  -0.453793  -0.000000  -0.000000  141.0000     0.6713
   11.700     0.000   1.343264   0.051034   0.012964   0.063997   0.000000   0.000000  -0.454145  -0.000000  -0.000000  141.0000     0.6692
   11.800     0.000   1.346940   0.051359   0.013130   0.064489   0.000000  -0.000000  -0.454194  -0.000000  -0.000000  141.0000     0.6670
   11.900     0.000   1.351311   0.051731   0.013285   0.065016   0.000000  -0.000000  -0.454749  -0.000000  -0.000000  141.0000     0.6651
   12.000     0.000   1.356365   0.052081   0.013432   0.065513   0.000000  -0.000000  -0.455482   0.000000   0.000000  141.0000     0.6632
   12.100     0.000   1.361140   0.052448   0.013580   0.066028   0.000000  -0.000000  -0.456156  -0.000000  -0.000000  141.0000     0.6614
   12.200     0.000   1.364855   0.052754   0.013751   0.066506   0.000000  -0.000000  -0.456136   0.000000  -0.000000  141.0000     0.6591
   12.300     0.000   1.368320   0.053025   0.013934   0.066959   0.000000   0.000000  -0.456033  -0.000000  -0.000000  141.0000     0.6569
   12.400     0.000   1.371776   0.053312   0.014122   0.067434   0.000000  -0.000000  -0.456049  -0.000000  -0.000000  141.0000     0.6548
   12.500     0.000   1.374488   0.053569   0.014345   0.067913   0.000000  -0.000000  -0.455816   0.000000   0.000000  141.0000     0.6526
   12.600     0.000   1.377351   0.053833   0.014577   0.068410   0.000000  -0.000000  -0.455711   0.000000  -0.000000  141.0000     0.6506
   12.700     0.000   1.381886   0.054166   0.014755   0.068920   0.000000  -0.000000  -0.456220  -0.000000  -0.000000  141.0000     0.6487
   12.800     0.000   1.385126   0.054480   0.014968   0.069447   0.000000  -0.000000  -0.456168  -0.000000  -0.000000  141.0000     0.6466
   12.900     0.000   1.389182   0.054784   0.015172   0.069956   0.000000  -0.000000  -0.456502  -0.000000  -0.000000  141.0000     0.6447
   13.000     0.000   1.393634   0.055142   0.015363   0.070506   0.000000  -0.000000  -0.457088   0.000000   0.000000  141.0000     0.6430
   13.100     0.000   1.397942   0.055497   0.015567   0.071063   0.000000   0.000000  -0.457676   0.000000   0.000000  141.0000     0.6413
   13.200     0.000   1.402693   0.055855   0.015754   0.071609   0.000000  -0.000000  -0.458370   0.000000   0.000000  141.0000     0.6396
   13.300     0.000   1.405114   0.056079   0.016009   0.072087   0.000000  -0.000000  -0.457933  -0.000000  -0.000000  141.0000     0.6375
   13.400     0.000   1.409323   0.056377   0.016224   0.072601   0.000000  -0.000000  -0.458313   0.000000  -0.000000  141.0000     0.6356
   13.500     0.000   1.413307   0.056694   0.016443   0.073137   0.000000  -0.000000  -0.458604  -0.000000  -0.000000  141.0000     0.6338
   13.600     0.000   1.415852   0.056982   0.016728   0.073711   0.000000  -0.000000  -0.458460  -0.000000  -0.000000  141.0000     0.6319
   13.700     0.000   1.417739   0.057206   0.017056   0.074262   0.000000  -0.000000  -0.458091  -0.000000  -0.000000  141.0000     0.6300
   13.800     0.000   1.420767   0.057448   0.017349   0.074797   0.000000  -0.000000  -0.458122  -0.000000  -0.000000  141.0000     0.6282
   13.900     0.000   1.425341   0.057798   0.017573   0.075371   0.000000  -0.000000  -0.458781  -0.000000  -0.000000  141.0000     0.6266
   14.000     0.000   1.429013   0.058137   0.017828   0.075965   0.000000  -0.000000  -0.459055  -0.000000  -0.000000  141.0000     0.6249
   14.100     0.000   1.431844   0.058410   0.018132   0.076542   0.000000  -0.000000  -0.458978  -0.000000  -0.000000  141.0000     0.6230
   14.200     0.000   1.435555   0.058738   0.018404   0.077142   0.000000  -0.000000  -0.459481  -0.000000  -0.000000  141.0000     0.6216
   14.300     0.000   1.440155   0.059077   0.018640   0.077717   0.000000  -0.000000  -0.460196   0.000000   0.000000  141.0000     0.6200
   14.400     0.000   1.444079   0.059448   0.018890   0.078338   0.000000  -0.000000  -0.460762   0.000000   0.000000  141.0000     0.6186
   14.500     0.000   1.448129   0.059739   0.019155   0.078893   0.000000  -0.000000  -0.461177  -0.000000  -0.000000  141.0000     0.6169
   14.600     0.000   1.450083   0.059931   0.019502   0.079433   0.000000  -0.000000  -0.460542  -0.000000  -0.000000  141.0000     0.6149
   14.700     0.000   1.454047   0.060184   0.019767   0.079951   0.000000  -0.000000  -0.460918   0.000000   0.000000  141.0000     0.6132
   14.800     0.000   1.457850   0.060483   0.020045   0.080528   0.000000  -0.000000  -0.461351   0.000000   0.000000  141.0000     0.6116
   14.900     0.000   1.460384   0.060837   0.020396   0.081233   0.000000  -0.000000  -0.461474  -0.000000  -0.000000  141.0000     0.6102
   15.000     0.000   1.463403   0.061079   0.020738   0.081817   0.000000  -0.000000  -0.461628  -0.000000  -0.000000  141.0000     0.6086
   15.100     0.000   1.464575   0.061267   0.021193   0.082460   0.000000  -0.000000  -0.461210  -0.000000  -0.000000  141.0000     0.6069
   15.200     0.000   1.468673   0.061578   0.021483   0.083061   0.000000  -0.000000  -0.461767  -0.000000  -0.000000  141.0000     0.6055
   15.300     0.000   1.472384   0.061903   0.021793   0.083696   0.000000  -0.000000  -0.462188  -0.000000  -0.000000  141.0000     0.6040
   15.400     0.000   1.475299   0.062220   0.022145   0.084364   0.000000  -0.000000  -0.462325  -0.000000  -0.000000  141.0000     0.6025
   15.500     0.000   1.477757   0.062472   0.022541   0.085013   0.000000  -0.000000  -0.462454   0.000000  -0.000000  141.0000     0.6011
   15.600     0.000   1.481508   0.062773   0.022854   0.085628   0.000000  -0.000000  -0.463046   0.000000   0.000000  141.0000     0.5998
   15.700     0.000   1.485866   0.063084   0.023146   0.086230   0.000000   0.000000  -0.463755  -0.000000  -0.000000  141.0000     0.5984
   15.800     0.000   1.489667   0.063404   0.023461   0.086866   0.000000  -0.000000  -0.464213  -0.000000  -0.000000  141.0000     0.5970
   15.900     0.000   1.492764   0.063691   0.023815   0.087506   0.000000  -0.000000  -0.464339  -0.000000  -0.000000  141.0000     0.5955
   16.000     0.000   1.494637   0.063871   0.024243   0.088114   0.000000  -0.000000  -0.464017   0.000000   0.000000  141.0000     0.5938
   16.100     0.000   1.496447   0.064030   0.024694   0.088725   0.000000  -0.000000  -0.463756   0.000000   0.000000  141.0000     0.5922
   16.200     0.000   1.498388   0.064264   0.025156   0.089420   0.000000   0.000000  -0.463693  -0.000000  -0.000000  141.0000     0.5908
   16.300     0.000   1.501180   0.064526   0.025583   0.090110   0.000000   0.000000  -0.463950  -0.000000  -0.000000  141.0000     0.5895
   16.400     0.000   1.503259   0.064765   0.026072   0.090837   0.000000  -0.000000  -0.464055  -0.000000  -0.000000  141.0000     0.5882
   16.500     0.000   1.505675   0.065022   0.026506   0.091528   0.000000   0.000000  -0.464059  -0.000000  -0.000000  141.0000     0.5868
   16.600     0.000   1.508437   0.065266   0.026937   0.092203   0.000000  -0.000000  -0.464247  -0.000000  -0.000000  141.0000     0.5854
   16.700     0.000   1.512066   0.065572   0.027313   0.092885   0.000000  -0.000000  -0.464815  -0.000000  -0.000000  141.0000     0.5842
   16.800     0.000   1.516194   0.065922   0.027648   0.093569   0.000000  -0.000000  -0.465554  -0.000000  -0.000000  141.0000     0.5830
   16.900     0.000   1.519251   0.066242   0.028064   0.094306   0.000000   0.000000  -0.466075  -0.000000  -0.000000  141.0000     0.5819
   17.000     0.000   1.522552   0.066526   0.028451   0.094977   0.000000  -0.000000  -0.466633  -0.000000  -0.000000  141.0000     0.5808
   17.100     0.000   1.522963   0.066575   0.029051   0.095626   0.000000  -0.000000  -0.465677  -0.000000  -0.000000  141.0000     0.5790
   17.200     0.000   1.526945   0.066879   0.029397   0.096276   0.000000  -0.000000  -0.466358  -0.000000  -0.000000  141.0000     0.5778
   17.300     0.000   1.530727   0.067218   0.029748   0.096966   0.000000  -0.000000  -0.466983  -0.000000  -0.000000  141.0000     0.5766
   17.400     0.000   1.533600   0.067522   0.030183   0.097704   0.000000  -0.000000  -0.467305  -0.000000  -0.000000  141.0000     0.5754
   17.500     0.000   1.535769   0.067709   0.030680   0.098389   0.000000  -0.000000  -0.467442  -0.000000  -0.000000  141.0000     0.5742
   17.600     0.000   1.536179   0.067838   0.031336   0.099174   0.000000   0.000000  -0.466950  -0.000000  -0.000000  141.0000     0.5728
   17.700     0.000   1.538420   0.068056   0.031862   0.099918   0.000000  -0.000000  -0.467136  -0.000000  -0.000000  141.0000     0.5716
   17.800     0.000   1.539696   0.068244   0.032493   0.100736   0.000000   0.000000  -0.467143  -0.000000  -0.000000  141.0000     0.5706
   17.900     0.000   1.543617   0.068554   0.032886   0.101441   0.000000  -0.000000  -0.467867  -0.000000  -0.000000  141.0000     0.5695
   18.000     0.000   1.544115   0.068715   0.033566   0.102281   0.000000   0.000000  -0.467378  -0.000000  -0.000000  141.0000     0.5682
   18.100     0.000   1.547638   0.068997   0.034016   0.103012   0.000000  -0.000000  -0.468041  -0.000000  -0.000000  141.0000     0.5671
   18.200     0.000   1.551329   0.069320   0.034443   0.103764   0.000000  -0.000000  -0.468758  -0.000000  -0.000000  141.0000     0.5661
   18.300     0.000   1.554096   0.069621   0.034957   0.104578   0.000000  -0.000000  -0.469343  -0.000000  -0.000000  141.0000     0.5652
   18.400     0.000   1.557206   0.069881   0.035435   0.105316   0.000000  -0.000000  -0.469959  -0.000000  -0.000000  141.0000     0.5642
   18.500     0.000   1.558904   0.070053   0.036033   0.106087   0.000000   0.000000  -0.469783  -0.000000  -0.000000  141.0000     0.5630
   18.600     0.000   1.560710   0.070198   0.036637   0.106835   0.000000   0.000000  -0.469660  -0.000000  -0.000000  141.0000     0.5617
   18.700     0.000   1.564175   0.070470   0.037091   0.107562   0.000000  -0.000000  -0.470240  -0.000000  -0.000000  141.0000     0.5606
   18.800     0.000   1.566545   0.070708   0.037621   0.108329   0.000000   0.000000  -0.470416  -0.000000  -0.000000  141.0000     0.5595
   18.900     0.000   1.568671   0.070914   0.038186   0.109100   0.000000   0.000000  -0.470780  -0.000000  -0.000000  141.0000     0.5585
   19.000     0.000   1.568888   0.071062   0.038950   0.110012   0.000000  -0.000000  -0.470570  -0.000000  -0.000000  141.0000     0.5576
   19.100     0.000   1.571604   0.071283   0.039443   0.110726   0.000000  -0.000000  -0.470894  -0.000000  -0.000000  141.0000     0.5565
   19.200     0.000   1.573116   0.071486   0.040089   0.111575   0.000000   0.000000  -0.471021  -0.000000  -0.000000  141.0000     0.5555
   19.300     0.000   1.573887   0.071659   0.040865   0.112524   0.000000  -0.000000  -0.471145  -0.000000  -0.000000  141.0000     0.5547
   19.400     0.000   1.573409   0.071710   0.041711   0.113421   0.000000   0.000000  -0.470473  -0.000000  -0.000000  141.0000     0.5536
   19.500     0.000   1.576843   0.071984   0.042177   0.114160   0.000000  -0.000000  -0.471165  -0.000000  -0.000000  141.0000     0.5526
   19.600     0.000   1.579683   0.072259   0.042711   0.114971   0.000000  -0.000000  -0.471723  -0.000000  -0.000000  141.0000     0.5517
   19.700     0.000   1.583027   0.072566   0.043210   0.115776   0.000000  -0.000000  -0.472435  -0.000000  -0.000000  141.0000     0.5508
   19.800     0.000   1.584034   0.072699   0.043961   0.116660   0.000000   0.000000  -0.472768  -0.000000  -0.000000  141.0000     0.5502
   19.900     0.000   1.587341   0.072969   0.044478   0.117448   0.000000   0.000000  -0.473449  -0.000000  -0.000000  141.0000     0.5493
   20.000     0.000   1.585319   0.072847   0.045480   0.118327   0.000000   0.000000  -0.471987  -0.000000  -0.000000  141.0000     0.5479
   20.100     0.000   1.588213   0.073085   0.046005   0.119090   0.000000   0.000000  -0.472492  -0.000000  -0.000000  141.0000     0.5469
   20.200     0.000   1.590476   0.073369   0.046624   0.119993   0.000000   0.000000  -0.472963  -0.000000  -0.000000  141.0000     0.5461
   20.300     0.000   1.592185   0.073518   0.047314   0.120832   0.000000  -0.000000  -0.473322   0.000000   0.000000  141.0000     0.5453
   20.400     0.000   1.590757   0.073481   0.048369   0.121850   0.000000   0.000000  -0.472601  -0.000000  -0.000000  141.0000     0.5444
   20.500     0.000   1.592547   0.073615   0.049045   0.122660   0.000000   0.000000  -0.472676  -0.000000  -0.000000  141.0000     0.5434
   20.600     0.000   1.595419   0.073856   0.049635   0.123491   0.000000   0.000000  -0.473268  -0.000000  -0.000000  141.0000     0.5425
   20.700     0.000   1.598223   0.074138   0.050229   0.124367   0.000000   0.000000  -0.473898  -0.000000  -0.000000  141.0000     0.5417
   20.800     0.000   1.595414   0.074093   0.051526   0.125620   0.000000  -0.000000  -0.472997  -0.000000  -0.000000  141.0000     0.5411
   20.900     0.000   1.598239   0.074344   0.052147   0.126491   0.000000  -0.000000  -0.473724  -0.000000  -0.000000  141.0000     0.5404
   21.000     0.000   1.598289   0.074476   0.053128   0.127604   0.000000  -0.000000  -0.473846  -0.000000  -0.000000  141.0000     0.5399
   21.100     0.000   1.601174   0.074716   0.053726   0.128442   0.000000   0.000000  -0.474483  -0.000000  -0.000000  141.0000     0.5391
   21.200     0.000   1.603479   0.074946   0.054399   0.129346   0.000000   0.000000  -0.474968  -0.000000  -0.000000  141.0000     0.5383
   21.300     0.000   1.605937   0.075187   0.055056   0.130243   0.000000   0.000000  -0.475504  -0.000000  -0.000000  141.0000     0.5376
   21.400     0.000   1.602539   0.074877   0.056439   0.131315   0.000000   0.000000  -0.474151  -0.000000  -0.000000  141.0000     0.5368
   21.500     0.000   1.604050   0.075031   0.057268   0.132298   0.000000   0.000000  -0.474720  -0.000000  -0.000000  141.0000     0.5362
   21.600     0.000   1.606993   0.075289   0.057902   0.133190   0.000000   0.000000  -0.475472  -0.000000  -0.000000  141.0000     0.5355
   21.700     0.000   1.609172   0.075569   0.058616   0.134185   0.000000   0.000000  -0.476081  -0.000000  -0.000000  141.0000     0.5349
   21.800     0.000   1.610202   0.075758   0.059495   0.135253   0.000000   0.000000  -0.476429  -0.000000  -0.000000  141.0000     0.5344
   21.900     0.000   1.610434   0.075803   0.060463   0.136265   0.000000   0.000000  -0.476591   0.000000   0.000000  141.0000     0.5338
   22.000     0.000   1.611212   0.075865   0.061341   0.137206   0.000000  -0.000000  -0.476565  -0.000000  -0.000000  141.0000     0.5330
   22.100     0.000   1.613367   0.076037   0.062043   0.138079   0.000000  -0.000000  -0.476946  -0.000000  -0.000000  141.0000     0.5322
   22.200     0.000   1.614033   0.076148   0.062964   0.139111   0.000000   0.000000  -0.477002  -0.000000  -0.000000  141.0000     0.5316
   22.300     0.000   1.613267   0.076156   0.064108   0.140264   0.000000  -0.000000  -0.476716  -0.000000  -0.000000  141.0000     0.5310
   22.400     0.000   1.616006   0.076388   0.064797   0.141185   0.000000  -0.000000  -0.477496  -0.000000  -0.000000  141.0000     0.5304
   22.500     0.000   1.617309   0.076618   0.065673   0.142292   0.000000   0.000000  -0.478049  -0.000000  -0.000000  141.0000     0.5300
   22.600     0.000   1.619231   0.076816   0.066481   0.143296   0.000000  -0.000000  -0.478700  -0.000000  -0.000000  141.0000     0.5295
   22.700     0.000   1.619103   0.076938   0.067579   0.144517   0.000000  -0.000000  -0.478978  -0.000000  -0.000000  141.0000     0.5292


