  alpha     CL        CD       CDp       Cm    Top Xtr Bot Xtr   Cpmin    Chinge    XCp
 -10.000  -0.6605   0.00854   0.00391  -0.0962  0.6513  0.0118  -4.3795   0.0000   0.0000   0.0000   0.0885
  -9.900  -0.6491   0.00847   0.00385  -0.0963  0.6510  0.0119  -4.2857   0.0000   0.0000   0.0000   0.0857
  -9.800  -0.6376   0.00841   0.00378  -0.0964  0.6508  0.0119  -4.1925   0.0000   0.0000   0.0000   0.0829
  -9.700  -0.6260   0.00835   0.00372  -0.0966  0.6505  0.0119  -4.0995   0.0000   0.0000   0.0000   0.0798
  -9.600  -0.6141   0.00834   0.00369  -0.0967  0.6501  0.0112  -4.0040   0.0000   0.0000   0.0000   0.0766
  -9.500  -0.6027   0.00826   0.00362  -0.0969  0.6496  0.0114  -3.9138   0.0000   0.0000   0.0000   0.0733
  -9.400  -0.5912   0.00819   0.00355  -0.0970  0.6490  0.0116  -3.8396   0.0000   0.0000   0.0000   0.0700
  -9.300  -0.5796   0.00812   0.00348  -0.0972  0.6483  0.0117  -3.7755   0.0000   0.0000   0.0000   0.0664
  -9.200  -0.5681   0.00806   0.00342  -0.0973  0.6472  0.0118  -3.7119   0.0000   0.0000   0.0000   0.0627
  -9.100  -0.5565   0.00800   0.00336  -0.0975  0.6455  0.0119  -3.6488   0.0000   0.0000   0.0000   0.0588
  -9.000  -0.5449   0.00795   0.00330  -0.0976  0.6426  0.0120  -3.5862   0.0000   0.0000   0.0000   0.0548
  -8.900  -0.5334   0.00791   0.00324  -0.0978  0.6391  0.0121  -3.5242   0.0000   0.0000   0.0000   0.0506
  -8.800  -0.5218   0.00787   0.00319  -0.0979  0.6352  0.0121  -3.4626   0.0000   0.0000   0.0000   0.0462
  -8.700  -0.5102   0.00783   0.00314  -0.0981  0.6314  0.0121  -3.4013   0.0000   0.0000   0.0000   0.0416
  -8.600  -0.4986   0.00779   0.00309  -0.0983  0.6280  0.0122  -3.3404   0.0000   0.0000   0.0000   0.0367
  -8.500  -0.4869   0.00774   0.00304  -0.0984  0.6248  0.0123  -3.2804   0.0000   0.0000   0.0000   0.0316
  -8.400  -0.4752   0.00769   0.00298  -0.0986  0.6216  0.0125  -3.2211   0.0000   0.0000   0.0000   0.0262
  -8.300  -0.4634   0.00764   0.00293  -0.0988  0.6183  0.0128  -3.1622   0.0000   0.0000   0.0000   0.0204
  -8.200  -0.4516   0.00759   0.00288  -0.0990  0.6151  0.0132  -3.1035   0.0000   0.0000   0.0000   0.0143
  -8.100  -0.4399   0.00754   0.00283  -0.0991  0.6117  0.0136  -3.0452   0.0000   0.0000   0.0000   0.0079
  -8.000  -0.4280   0.00749   0.00278  -0.0993  0.6083  0.0140  -2.9873   0.0000   0.0000   0.0000   0.0011
  -7.900  -0.4162   0.00743   0.00272  -0.0995  0.6052  0.0144  -2.9296   0.0000   0.0000   0.0000  -0.0061
  -7.800  -0.4043   0.00737   0.00267  -0.0997  0.6026  0.0148  -2.8723   0.0000   0.0000   0.0000  -0.0137
  -7.700  -0.3925   0.00731   0.00261  -0.0999  0.6010  0.0152  -2.8154   0.0000   0.0000   0.0000  -0.0219
  -7.600  -0.3806   0.00724   0.00256  -0.1001  0.6008  0.0156  -2.7587   0.0000   0.0000   0.0000  -0.0306
  -7.500  -0.3687   0.00717   0.00250  -0.1003  0.6006  0.0160  -2.7024   0.0000   0.0000   0.0000  -0.0399
  -7.400  -0.3567   0.00711   0.00244  -0.1006  0.6004  0.0165  -2.6463   0.0000   0.0000   0.0000  -0.0498
  -7.300  -0.3448   0.00704   0.00239  -0.1008  0.6002  0.0169  -2.5906   0.0000   0.0000   0.0000  -0.0604
  -7.200  -0.3328   0.00698   0.00233  -0.1010  0.5999  0.0175  -2.5353   0.0000   0.0000   0.0000  -0.0719
  -7.100  -0.3209   0.00688   0.00227  -0.1013  0.5996  0.0216  -2.4810   0.0000   0.0000   0.0000  -0.0842
  -6.800  -0.2850   0.00659   0.00205  -0.1020  0.5985  0.0290  -2.3197   0.0000   0.0000   0.0000  -0.1277
  -6.700  -0.2729   0.00655   0.00201  -0.1022  0.5979  0.0292  -2.2661   0.0000   0.0000   0.0000  -0.1448
  -6.600  -0.2609   0.00651   0.00198  -0.1025  0.5972  0.0295  -2.2127   0.0000   0.0000   0.0000  -0.1634
  -6.500  -0.2488   0.00648   0.00194  -0.1027  0.5963  0.0297  -2.1595   0.0000   0.0000   0.0000  -0.1838
  -6.400  -0.2368   0.00644   0.00190  -0.1029  0.5950  0.0302  -2.1051   0.0000   0.0000   0.0000  -0.2063
  -6.300  -0.2248   0.00641   0.00187  -0.1031  0.5931  0.0303  -2.0534   0.0000   0.0000   0.0000  -0.2310
  -6.200  -0.2128   0.00639   0.00184  -0.1033  0.5907  0.0304  -2.0022   0.0000   0.0000   0.0000  -0.2585
  -6.100  -0.2009   0.00637   0.00181  -0.1035  0.5882  0.0304  -1.9514   0.0000   0.0000   0.0000  -0.2892
  -6.000  -0.1889   0.00636   0.00178  -0.1037  0.5854  0.0305  -1.9010   0.0000   0.0000   0.0000  -0.3238
  -5.900  -0.1769   0.00634   0.00176  -0.1039  0.5826  0.0306  -1.8511   0.0000   0.0000   0.0000  -0.3631
  -5.800  -0.1649   0.00633   0.00173  -0.1041  0.5797  0.0306  -1.8016   0.0000   0.0000   0.0000  -0.4082
  -5.700  -0.1529   0.00631   0.00171  -0.1043  0.5767  0.0307  -1.7524   0.0000   0.0000   0.0000  -0.4605
  -5.600  -0.1409   0.00629   0.00168  -0.1045  0.5738  0.0307  -1.7036   0.0000   0.0000   0.0000  -0.5219
  -5.500  -0.1289   0.00627   0.00166  -0.1047  0.5707  0.0308  -1.6552   0.0000   0.0000   0.0000  -0.5948
  -5.400  -0.1168   0.00625   0.00163  -0.1049  0.5678  0.0309  -1.6071   0.0000   0.0000   0.0000  -0.6831
  -5.300  -0.1047   0.00623   0.00161  -0.1051  0.5647  0.0309  -1.5595   0.0000   0.0000   0.0000  -0.7918
  -5.200  -0.0926   0.00621   0.00158  -0.1053  0.5616  0.0310  -1.5153   0.0000   0.0000   0.0000  -0.9290
  -5.100  -0.0805   0.00618   0.00156  -0.1055  0.5585  0.0310  -1.4763   0.0000   0.0000   0.0000  -1.1076
  -5.000  -0.0684   0.00616   0.00154  -0.1058  0.5556  0.0311  -1.4375   0.0000   0.0000   0.0000  -1.3496
  -4.900  -0.0563   0.00614   0.00152  -0.1060  0.5531  0.0311  -1.3990   0.0000   0.0000   0.0000  -1.6962
  -4.800  -0.0442   0.00611   0.00149  -0.1062  0.5510  0.0313  -1.3609   0.0000   0.0000   0.0000  -2.2335
  -4.700  -0.0320   0.00609   0.00147  -0.1064  0.5504  0.0311  -1.3232   0.0000   0.0000   0.0000  -3.1798
  -4.600  -0.0199   0.00607   0.00145  -0.1066  0.5502  0.0313  -1.2855   0.0000   0.0000   0.0000  -5.2870
  -4.500  -0.0077   0.00604   0.00143  -0.1069  0.5501  0.0321  -1.2482   0.0000   0.0000   0.0000  -14.0557
  -4.400   0.0045   0.00602   0.00141  -0.1071  0.5499  0.0331  -1.2113   0.0000   0.0000   0.0000  24.9106
  -4.300   0.0166   0.00599   0.00139  -0.1073  0.5498  0.0343  -1.1745   0.0000   0.0000   0.0000   6.8835
  -4.200   0.0288   0.00597   0.00137  -0.1075  0.5496  0.0357  -1.1381   0.0000   0.0000   0.0000   4.0859
  -4.100   0.0410   0.00594   0.00135  -0.1078  0.5494  0.0372  -1.1020   0.0000   0.0000   0.0000   2.9499
  -4.000   0.0531   0.00592   0.00133  -0.1080  0.5491  0.0388  -1.0661   0.0000   0.0000   0.0000   2.3342
  -3.900   0.0653   0.00589   0.00131  -0.1082  0.5489  0.0406  -1.0306   0.0000   0.0000   0.0000   1.9479
  -3.800   0.0775   0.00586   0.00129  -0.1085  0.5486  0.0428  -0.9953   0.0000   0.0000   0.0000   1.6829
  -3.700   0.0898   0.00577   0.00125  -0.1088  0.5482  0.0518  -0.9605   0.0000   0.0000   0.0000   1.4891
  -3.600   0.1020   0.00574   0.00123  -0.1090  0.5478  0.0532  -0.9258   0.0000   0.0000   0.0000   1.3425
  -3.500   0.1141   0.00571   0.00121  -0.1093  0.5473  0.0547  -0.8913   0.0000   0.0000   0.0000   1.2273
  -3.400   0.1263   0.00569   0.00119  -0.1095  0.5465  0.0560  -0.8572   0.0000   0.0000   0.0000   1.1344
  -3.300   0.1384   0.00566   0.00117  -0.1097  0.5454  0.0594  -0.8235   0.0000   0.0000   0.0000   1.0579
  -3.200   0.1506   0.00558   0.00113  -0.1100  0.5436  0.0757  -0.7904   0.0000   0.0000   0.0000   0.9938
  -3.100   0.1627   0.00554   0.00110  -0.1103  0.5409  0.0808  -0.7575   0.0000   0.0000   0.0000   0.9396
  -3.000   0.1747   0.00554   0.00109  -0.1105  0.5377  0.0819  -0.7410   0.0000   0.0000   0.0000   0.8930
  -2.900   0.1866   0.00554   0.00108  -0.1107  0.5342  0.0868  -0.7488   0.0000   0.0000   0.0000   0.8525
  -2.800   0.1986   0.00551   0.00106  -0.1109  0.5305  0.0940  -0.7565   0.0000   0.0000   0.0000   0.8168
  -2.700   0.2107   0.00545   0.00103  -0.1112  0.5269  0.1009  -0.7644   0.0000   0.0000   0.0000   0.7851
  -2.600   0.2228   0.00541   0.00101  -0.1115  0.5232  0.1057  -0.7722   0.0000   0.0000   0.0000   0.7568
  -2.500   0.2349   0.00540   0.00100  -0.1117  0.5195  0.1137  -0.7800   0.0000   0.0000   0.0000   0.7314
  -2.400   0.2471   0.00536   0.00098  -0.1119  0.5159  0.1296  -0.7879   0.0000   0.0000   0.0000   0.7083
  -2.300   0.2594   0.00527   0.00095  -0.1123  0.5123  0.1459  -0.7959   0.0000   0.0000   0.0000   0.6875
  -2.200   0.2717   0.00521   0.00092  -0.1126  0.5087  0.1540  -0.8038   0.0000   0.0000   0.0000   0.6685
  -2.100   0.2838   0.00520   0.00091  -0.1128  0.5051  0.1563  -0.8117   0.0000   0.0000   0.0000   0.6511
  -2.000   0.2959   0.00518   0.00091  -0.1131  0.5019  0.1667  -0.8196   0.0000   0.0000   0.0000   0.6351
  -1.900   0.3081   0.00515   0.00089  -0.1133  0.4997  0.1793  -0.8276   0.0000   0.0000   0.0000   0.6204
  -1.800   0.3205   0.00509   0.00087  -0.1136  0.4996  0.1899  -0.8356   0.0000   0.0000   0.0000   0.6068
  -1.700   0.3328   0.00502   0.00085  -0.1139  0.4994  0.1994  -0.8437   0.0000   0.0000   0.0000   0.5942
  -1.500   0.3572   0.00497   0.00085  -0.1144  0.4990  0.2095  -0.8597   0.0000   0.0000   0.0000   0.5716
  -1.400   0.3695   0.00494   0.00083  -0.1147  0.4987  0.2247  -0.8677   0.0000   0.0000   0.0000   0.5614
  -1.300   0.3819   0.00486   0.00081  -0.1150  0.4985  0.2407  -0.8758   0.0000   0.0000   0.0000   0.5519
  -1.200   0.3942   0.00480   0.00078  -0.1154  0.4978  0.2523  -0.8839   0.0000   0.0000   0.0000   0.5430
  -1.100   0.4062   0.00479   0.00079  -0.1156  0.4959  0.2612  -0.8919   0.0000   0.0000   0.0000   0.5346
  -1.000   0.4177   0.00481   0.00079  -0.1158  0.4874  0.2809  -0.8995   0.0000   0.0000   0.0000   0.5270
  -0.900   0.4288   0.00486   0.00081  -0.1159  0.4726  0.2942  -0.9068   0.0000   0.0000   0.0000   0.5199
  -0.700   0.4523   0.00489   0.00083  -0.1162  0.4492  0.3026  -0.9222   0.0000   0.0000   0.0000   0.5062
  -0.600   0.4644   0.00488   0.00083  -0.1165  0.4487  0.3055  -0.9303   0.0000   0.0000   0.0000   0.4997
  -0.500   0.4765   0.00487   0.00083  -0.1167  0.4484  0.3157  -0.9383   0.0000   0.0000   0.0000   0.4936
  -0.400   0.4887   0.00484   0.00082  -0.1170  0.4480  0.3289  -0.9464   0.0000   0.0000   0.0000   0.4879
  -0.300   0.5011   0.00477   0.00081  -0.1173  0.4476  0.3448  -0.9546   0.0000   0.0000   0.0000   0.4824
  -0.200   0.5133   0.00475   0.00081  -0.1176  0.4471  0.3507  -0.9626   0.0000   0.0000   0.0000   0.4772
  -0.100   0.5253   0.00474   0.00082  -0.1178  0.4463  0.3554  -0.9707   0.0000   0.0000   0.0000   0.4722
   0.000   0.5371   0.00475   0.00083  -0.1180  0.4430  0.3722  -0.9787   0.0000   0.0000   0.0000   0.4675
   0.100   0.5473   0.00486   0.00089  -0.1180  0.4236  0.3892  -0.9855   0.0000   0.0000   0.0000   0.4632
   0.200   0.5583   0.00493   0.00092  -0.1180  0.3980  0.3970  -0.9927   0.0000   0.0000   0.0000   0.4589
   0.300   0.5699   0.00497   0.00094  -0.1182  0.3947  0.3992  -1.0009   0.0000   0.0000   0.0000   0.4547
   0.400   0.5789   0.00521   0.00105  -0.1179  0.3694  0.4002  -1.0079   0.0000   0.0000   0.0000   0.4508
   0.500   0.5895   0.00533   0.00109  -0.1179  0.3452  0.4011  -1.0146   0.0000   0.0000   0.0000   0.4469
   0.600   0.5995   0.00549   0.00117  -0.1177  0.3310  0.4019  -1.0162   0.0000   0.0000   0.0000   0.4432
   0.700   0.6089   0.00570   0.00129  -0.1175  0.2984  0.4026  -1.0214   0.0000   0.0000   0.0000   0.4397
   0.800   0.6192   0.00582   0.00133  -0.1174  0.2863  0.4091  -1.0265   0.0000   0.0000   0.0000   0.4362
   0.900   0.6277   0.00609   0.00148  -0.1170  0.2471  0.4179  -1.0351   0.0000   0.0000   0.0000   0.4329
   1.000   0.6372   0.00625   0.00155  -0.1168  0.2310  0.4272  -1.0433   0.0000   0.0000   0.0000   0.4297
   1.100   0.6441   0.00660   0.00173  -0.1162  0.1819  0.4351  -1.0499   0.0000   0.0000   0.0000   0.4266
   1.200   0.6455   0.00735   0.00211  -0.1146  0.0834  0.4314  -1.0515   0.0000   0.0000   0.0000   0.4235
   1.300   0.6558   0.00743   0.00218  -0.1145  0.0715  0.4427  -1.0590   0.0000   0.0000   0.0000   0.4205
   1.400   0.6671   0.00745   0.00221  -0.1146  0.0687  0.4476  -1.0677   0.0000   0.0000   0.0000   0.4176
   1.500   0.6785   0.00748   0.00223  -0.1147  0.0685  0.4491  -1.0764   0.0000   0.0000   0.0000   0.4147
   1.600   0.6898   0.00751   0.00226  -0.1148  0.0683  0.4500  -1.0851   0.0000   0.0000   0.0000   0.4119
   1.800   0.7099   0.00774   0.00240  -0.1145  0.0439  0.4512  -1.1009   0.0000   0.0000   0.0000   0.4065
   1.900   0.7210   0.00779   0.00244  -0.1145  0.0427  0.4530  -1.1095   0.0000   0.0000   0.0000   0.4039
   2.000   0.7320   0.00783   0.00248  -0.1145  0.0416  0.4587  -1.1181   0.0000   0.0000   0.0000   0.4014
   2.100   0.7431   0.00786   0.00251  -0.1146  0.0405  0.4681  -1.1266   0.0000   0.0000   0.0000   0.3990
   2.200   0.7542   0.00788   0.00255  -0.1146  0.0394  0.4797  -1.1357   0.0000   0.0000   0.0000   0.3967
   2.300   0.7654   0.00789   0.00259  -0.1147  0.0384  0.4916  -1.1457   0.0000   0.0000   0.0000   0.3945
   2.400   0.7763   0.00793   0.00262  -0.1148  0.0373  0.4971  -1.1555   0.0000   0.0000   0.0000   0.3923
   2.500   0.7872   0.00797   0.00266  -0.1148  0.0363  0.4989  -1.1653   0.0000   0.0000   0.0000   0.3901
   2.600   0.7981   0.00802   0.00270  -0.1148  0.0353  0.4998  -1.1751   0.0000   0.0000   0.0000   0.3880
   2.700   0.8089   0.00807   0.00274  -0.1147  0.0342  0.5003  -1.1849   0.0000   0.0000   0.0000   0.3859
   2.800   0.8197   0.00813   0.00278  -0.1147  0.0332  0.5006  -1.1947   0.0000   0.0000   0.0000   0.3839
   2.900   0.8305   0.00817   0.00282  -0.1147  0.0322  0.5031  -1.2045   0.0000   0.0000   0.0000   0.3820
   3.000   0.8413   0.00822   0.00286  -0.1147  0.0312  0.5063  -1.2142   0.0000   0.0000   0.0000   0.3800
   3.100   0.8521   0.00827   0.00290  -0.1147  0.0302  0.5098  -1.2240   0.0000   0.0000   0.0000   0.3782
   3.200   0.8628   0.00831   0.00294  -0.1147  0.0292  0.5134  -1.2338   0.0000   0.0000   0.0000   0.3764
   3.300   0.8736   0.00836   0.00298  -0.1146  0.0282  0.5169  -1.2436   0.0000   0.0000   0.0000   0.3746
   3.400   0.8843   0.00840   0.00302  -0.1146  0.0272  0.5205  -1.2534   0.0000   0.0000   0.0000   0.3728
   3.500   0.8950   0.00844   0.00306  -0.1146  0.0262  0.5242  -1.2632   0.0000   0.0000   0.0000   0.3711
   3.600   0.9057   0.00848   0.00310  -0.1146  0.0251  0.5281  -1.2730   0.0000   0.0000   0.0000   0.3695
   3.700   0.9164   0.00852   0.00315  -0.1146  0.0241  0.5318  -1.2828   0.0000   0.0000   0.0000   0.3678
   3.800   0.9271   0.00856   0.00319  -0.1145  0.0230  0.5353  -1.2942   0.0000   0.0000   0.0000   0.3662
   3.900   0.9377   0.00860   0.00323  -0.1145  0.0219  0.5387  -1.3056   0.0000   0.0000   0.0000   0.3647
   4.000   0.9483   0.00864   0.00327  -0.1145  0.0209  0.5417  -1.3171   0.0000   0.0000   0.0000   0.3631
   4.100   0.9588   0.00868   0.00332  -0.1144  0.0202  0.5438  -1.3284   0.0000   0.0000   0.0000   0.3616
   4.200   0.9692   0.00873   0.00336  -0.1143  0.0200  0.5452  -1.3408   0.0000   0.0000   0.0000   0.3601
   4.300   0.9795   0.00878   0.00341  -0.1142  0.0199  0.5462  -1.3543   0.0000   0.0000   0.0000   0.3587
   4.400   0.9898   0.00883   0.00346  -0.1141  0.0198  0.5469  -1.3678   0.0000   0.0000   0.0000   0.3572
   4.500   1.0000   0.00889   0.00350  -0.1140  0.0196  0.5474  -1.3846   0.0000   0.0000   0.0000   0.3558
   4.600   1.0102   0.00894   0.00355  -0.1139  0.0195  0.5478  -1.4015   0.0000   0.0000   0.0000   0.3544
   4.700   1.0203   0.00900   0.00360  -0.1137  0.0194  0.5482  -1.4183   0.0000   0.0000   0.0000   0.3530
   4.800   1.0303   0.00905   0.00365  -0.1136  0.0192  0.5485  -1.4352   0.0000   0.0000   0.0000   0.3517
   4.900   1.0402   0.00911   0.00370  -0.1134  0.0190  0.5488  -1.4520   0.0000   0.0000   0.0000   0.3503
   5.000   1.0500   0.00917   0.00376  -0.1132  0.0188  0.5490  -1.4712   0.0000   0.0000   0.0000   0.3490
   5.100   1.0598   0.00923   0.00381  -0.1130  0.0186  0.5493  -1.4907   0.0000   0.0000   0.0000   0.3477
   5.200   1.0696   0.00929   0.00386  -0.1128  0.0185  0.5495  -1.5102   0.0000   0.0000   0.0000   0.3464
   5.300   1.0732   0.00957   0.00409  -0.1115  0.0085  0.5496  -1.5270   0.0000   0.0000   0.0000   0.3446
   5.400   1.0821   0.00965   0.00416  -0.1111  0.0083  0.5498  -1.5564   0.0000   0.0000   0.0000   0.3433
   5.500   1.0909   0.00973   0.00422  -0.1107  0.0080  0.5507  -1.5934   0.0000   0.0000   0.0000   0.3420
   5.600   1.0995   0.00981   0.00430  -0.1103  0.0077  0.5532  -1.6300   0.0000   0.0000   0.0000   0.3407
   5.700   1.1079   0.00989   0.00437  -0.1099  0.0075  0.5560  -1.6660   0.0000   0.0000   0.0000   0.3394
   5.800   1.1161   0.00997   0.00445  -0.1094  0.0072  0.5593  -1.7018   0.0000   0.0000   0.0000   0.3381
   5.900   1.1244   0.01004   0.00455  -0.1089  0.0069  0.5627  -1.7479   0.0000   0.0000   0.0000   0.3368
   6.000   1.1328   0.01011   0.00462  -0.1084  0.0063  0.5661  -1.7982   0.0000   0.0000   0.0000   0.3355
   7.100   1.1863   0.01086   0.00544  -0.0959  0.0042  0.5948  -2.2507   0.0000   0.0000   0.0000   0.3191
   7.200   1.1930   0.01095   0.00553  -0.0952  0.0042  0.5957  -2.3038   0.0000   0.0000   0.0000   0.3179
   7.300   1.1998   0.01104   0.00562  -0.0945  0.0042  0.5964  -2.3548   0.0000   0.0000   0.0000   0.3167
   7.400   1.2064   0.01114   0.00571  -0.0937  0.0042  0.5969  -2.4058   0.0000   0.0000   0.0000   0.3155
   7.500   1.2130   0.01124   0.00581  -0.0930  0.0042  0.5974  -2.4568   0.0000   0.0000   0.0000   0.3144
   7.600   1.2194   0.01134   0.00591  -0.0923  0.0042  0.5978  -2.5078   0.0000   0.0000   0.0000   0.3132
   7.700   1.2257   0.01144   0.00601  -0.0915  0.0042  0.5981  -2.5587   0.0000   0.0000   0.0000   0.3120
   7.800   1.2317   0.01155   0.00612  -0.0907  0.0042  0.5984  -2.6092   0.0000   0.0000   0.0000   0.3109
   7.900   1.2297   0.01174   0.00632  -0.0885  0.0042  0.5987  -2.6368   0.0000   0.0000   0.0000   0.3090
   8.000   1.2323   0.01189   0.00647  -0.0871  0.0042  0.5989  -2.6776   0.0000   0.0000   0.0000   0.3076
   8.100   1.2370   0.01202   0.00661  -0.0861  0.0042  0.5991  -2.7247   0.0000   0.0000   0.0000   0.3064
   8.200   1.2423   0.01215   0.00674  -0.0852  0.0042  0.6001  -2.7741   0.0000   0.0000   0.0000   0.3052
   8.300   1.2479   0.01228   0.00687  -0.0844  0.0042  0.6027  -2.8247   0.0000   0.0000   0.0000   0.3041
   8.400   1.2536   0.01241   0.00701  -0.0836  0.0042  0.6060  -2.8760   0.0000   0.0000   0.0000   0.3030
   8.500   1.2594   0.01255   0.00714  -0.0828  0.0042  0.6096  -2.9276   0.0000   0.0000   0.0000   0.3019
   8.600   1.2652   0.01268   0.00728  -0.0821  0.0042  0.6133  -2.9795   0.0000   0.0000   0.0000   0.3009
   8.700   1.2708   0.01282   0.00742  -0.0813  0.0042  0.6169  -3.0314   0.0000   0.0000   0.0000   0.2998
   8.800   1.2771   0.01293   0.00755  -0.0807  0.0042  0.6204  -3.1077   0.0000   0.0000   0.0000   0.2988
   8.900   1.2743   0.01321   0.00786  -0.0786  0.0042  0.6238  -3.1355   0.0000   0.0000   0.0000   0.2972
   9.000   1.2773   0.01341   0.00806  -0.0774  0.0042  0.6272  -3.1822   0.0000   0.0000   0.0000   0.2960
   9.100   1.2821   0.01357   0.00824  -0.0766  0.0042  0.6305  -3.2343   0.0000   0.0000   0.0000   0.2949
   9.200   1.2874   0.01372   0.00840  -0.0758  0.0042  0.6337  -3.2880   0.0000   0.0000   0.0000   0.2939
   9.300   1.2930   0.01387   0.00855  -0.0751  0.0042  0.6367  -3.3425   0.0000   0.0000   0.0000   0.2930
   9.400   1.2986   0.01401   0.00871  -0.0744  0.0042  0.6396  -3.3975   0.0000   0.0000   0.0000   0.2920
   9.500   1.3043   0.01416   0.00886  -0.0737  0.0041  0.6419  -3.4526   0.0000   0.0000   0.0000   0.2911
   9.600   1.3098   0.01431   0.00902  -0.0730  0.0041  0.6437  -3.5078   0.0000   0.0000   0.0000   0.2901
   9.700   1.3153   0.01448   0.00919  -0.0723  0.0041  0.6449  -3.5629   0.0000   0.0000   0.0000   0.2892
   9.800   1.3206   0.01465   0.00937  -0.0716  0.0041  0.6458  -3.6177   0.0000   0.0000   0.0000   0.2883
   9.900   1.3257   0.01483   0.00955  -0.0708  0.0041  0.6465  -3.6719   0.0000   0.0000   0.0000   0.2873
  10.000   1.3206   0.01529   0.01002  -0.0687  0.0041  0.6471  -3.6916   0.0000   0.0000   0.0000   0.2857
  10.100   1.3239   0.01554   0.01028  -0.0677  0.0041  0.6475  -3.7399   0.0000   0.0000   0.0000   0.2847
  10.200   1.3284   0.01576   0.01051  -0.0670  0.0041  0.6480  -3.7928   0.0000   0.0000   0.0000   0.2838
  10.300   1.3334   0.01597   0.01072  -0.0663  0.0041  0.6484  -3.8476   0.0000   0.0000   0.0000   0.2829
  10.400   1.3386   0.01619   0.01094  -0.0656  0.0041  0.6487  -3.9033   0.0000   0.0000   0.0000   0.2820
  10.500   1.3439   0.01640   0.01115  -0.0649  0.0041  0.6525  -3.9596   0.0000   0.0000   0.0000   0.2812
  10.600   1.3492   0.01661   0.01137  -0.0643  0.0041  0.6578  -4.0162   0.0000   0.0000   0.0000   0.2803
  10.700   1.3544   0.01682   0.01159  -0.0636  0.0041  0.6636  -4.0728   0.0000   0.0000   0.0000   0.2795
  10.800   1.3595   0.01705   0.01183  -0.0630  0.0041  0.6692  -4.1293   0.0000   0.0000   0.0000   0.2787
  10.900   1.3644   0.01728   0.01207  -0.0623  0.0041  0.6747  -4.1856   0.0000   0.0000   0.0000   0.2778
  11.000   1.3690   0.01752   0.01233  -0.0616  0.0041  0.6799  -4.2407   0.0000   0.0000   0.0000   0.2770
  11.100   1.3617   0.01823   0.01307  -0.0596  0.0041  0.6844  -4.2526   0.0000   0.0000   0.0000   0.2755
  11.200   1.3654   0.01853   0.01339  -0.0588  0.0041  0.6886  -4.3047   0.0000   0.0000   0.0000   0.2747
  11.300   1.3700   0.01880   0.01367  -0.0582  0.0041  0.6920  -4.3602   0.0000   0.0000   0.0000   0.2739
  11.400   1.3748   0.01906   0.01394  -0.0576  0.0041  0.6941  -4.4172   0.0000   0.0000   0.0000   0.2731
  11.500   1.3798   0.01932   0.01420  -0.0570  0.0041  0.6954  -4.4750   0.0000   0.0000   0.0000   0.2723
  11.600   1.3849   0.01957   0.01447  -0.0564  0.0041  0.6963  -4.5332   0.0000   0.0000   0.0000   0.2716
  11.700   1.3898   0.01984   0.01473  -0.0558  0.0041  0.6970  -4.5915   0.0000   0.0000   0.0000   0.2708
  11.800   1.3948   0.02010   0.01500  -0.0552  0.0041  0.6975  -4.6499   0.0000   0.0000   0.0000   0.2701
  11.900   1.3995   0.02038   0.01528  -0.0546  0.0041  0.6980  -4.7080   0.0000   0.0000   0.0000   0.2693
  12.000   1.4042   0.02067   0.01557  -0.0540  0.0041  0.6984  -4.7657   0.0000   0.0000   0.0000   0.2686
  12.100   1.4086   0.02097   0.01588  -0.0534  0.0041  0.7013  -4.8228   0.0000   0.0000   0.0000   0.2679
  12.200   1.4010   0.02186   0.01681  -0.0517  0.0041  0.7058  -4.8328   0.0000   0.0000   0.0000   0.2666
  12.300   1.4028   0.02231   0.01727  -0.0509  0.0041  0.7107  -4.8799   0.0000   0.0000   0.0000   0.2658
  12.400   1.4067   0.02266   0.01763  -0.0503  0.0041  0.7155  -4.9355   0.0000   0.0000   0.0000   0.2651
  12.500   1.4112   0.02297   0.01795  -0.0497  0.0041  0.7203  -4.9935   0.0000   0.0000   0.0000   0.2644
  12.600   1.4159   0.02328   0.01827  -0.0492  0.0041  0.7249  -5.0528   0.0000   0.0000   0.0000   0.2637
  12.700   1.4208   0.02358   0.01859  -0.0487  0.0041  0.7297  -5.1131   0.0000   0.0000   0.0000   0.2630
  13.100   1.4385   0.02488   0.01996  -0.0466  0.0041  0.7449  -5.3252   0.0000   0.0000   0.0000   0.2604
  13.200   1.4427   0.02522   0.02030  -0.0461  0.0041  0.7463  -5.3831   0.0000   0.0000   0.0000   0.2597
  13.300   1.4467   0.02557   0.02067  -0.0456  0.0041  0.7473  -5.4405   0.0000   0.0000   0.0000   0.2591
  13.400   1.4503   0.02595   0.02106  -0.0450  0.0041  0.7481  -5.4970   0.0000   0.0000   0.0000   0.2584
  13.500   1.4383   0.02734   0.02248  -0.0434  0.0041  0.7510  -5.4872   0.0000   0.0000   0.0000   0.2573
  13.600   1.4421   0.02775   0.02291  -0.0429  0.0041  0.7578  -5.5444   0.0000   0.0000   0.0000   0.2567
  13.700   1.4464   0.02813   0.02330  -0.0425  0.0041  0.7648  -5.6043   0.0000   0.0000   0.0000   0.2561
  13.800   1.4509   0.02850   0.02368  -0.0421  0.0041  0.7713  -5.6657   0.0000   0.0000   0.0000   0.2555
  13.900   1.4555   0.02886   0.02406  -0.0417  0.0041  0.7772  -5.7279   0.0000   0.0000   0.0000   0.2550
  14.000   1.4602   0.02922   0.02444  -0.0413  0.0041  0.7826  -5.7904   0.0000   0.0000   0.0000   0.2544
  14.100   1.4648   0.02958   0.02482  -0.0409  0.0041  0.7873  -5.8531   0.0000   0.0000   0.0000   0.2538
  14.200   1.4693   0.02996   0.02521  -0.0405  0.0041  0.7914  -5.9156   0.0000   0.0000   0.0000   0.2533
  14.300   1.4736   0.03035   0.02561  -0.0401  0.0041  0.7943  -5.9778   0.0000   0.0000   0.0000   0.2527
  14.400   1.4778   0.03075   0.02602  -0.0397  0.0041  0.7963  -6.0395   0.0000   0.0000   0.0000   0.2521
  14.500   1.4817   0.03117   0.02645  -0.0393  0.0041  0.7978  -6.1003   0.0000   0.0000   0.0000   0.2516
  14.600   1.4856   0.03162   0.02691  -0.0389  0.0041  0.8024  -6.1609   0.0000   0.0000   0.0000   0.2510
  14.700   1.4890   0.03209   0.02741  -0.0384  0.0041  0.8117  -6.2200   0.0000   0.0000   0.0000   0.2505
  14.800   1.4745   0.03399   0.02936  -0.0372  0.0041  0.8216  -6.1952   0.0000   0.0000   0.0000   0.2496
  14.900   1.4779   0.03448   0.02988  -0.0368  0.0041  0.8300  -6.2541   0.0000   0.0000   0.0000   0.2491
  15.000   1.4818   0.03492   0.03035  -0.0364  0.0041  0.8379  -6.3154   0.0000   0.0000   0.0000   0.2485
  15.100   1.4859   0.03535   0.03079  -0.0361  0.0041  0.8434  -6.3780   0.0000   0.0000   0.0000   0.2480
  15.200   1.4902   0.03577   0.03123  -0.0357  0.0041  0.8474  -6.4414   0.0000   0.0000   0.0000   0.2475
  15.300   1.4944   0.03619   0.03167  -0.0354  0.0041  0.8571  -6.5051   0.0000   0.0000   0.0000   0.2470
  15.400   1.4985   0.03660   0.03212  -0.0350  0.0041  0.8741  -6.5681   0.0000   0.0000   0.0000   0.2465
  15.500   1.5023   0.03700   0.03256  -0.0346  0.0041  0.8893  -6.6304   0.0000   0.0000   0.0000   0.2459
  15.700   1.5074   0.03772   0.03344  -0.0333  0.0040  1.0000  -6.7442   0.0000   0.0000   0.0000   0.2446
  15.800   1.5114   0.03819   0.03392  -0.0331  0.0040  1.0000  -6.8080   0.0000   0.0000   0.0000   0.2441
  15.900   1.5152   0.03870   0.03443  -0.0328  0.0040  1.0000  -6.8707   0.0000   0.0000   0.0000   0.2436
  16.000   1.5187   0.03923   0.03497  -0.0325  0.0040  1.0000  -6.9318   0.0000   0.0000   0.0000   0.2432
  16.100   1.5216   0.03981   0.03555  -0.0322  0.0040  1.0000  -6.9906   0.0000   0.0000   0.0000   0.2427
  16.200   1.5027   0.04236   0.03817  -0.0313  0.0040  1.0000  -6.9396   0.0000   0.0000   0.0000   0.2421
  16.300   1.5060   0.04293   0.03874  -0.0310  0.0040  1.0000  -6.9999   0.0000   0.0000   0.0000   0.2417
  16.400   1.5099   0.04344   0.03926  -0.0308  0.0040  1.0000  -7.0637   0.0000   0.0000   0.0000   0.2412
  16.500   1.5142   0.04394   0.03976  -0.0306  0.0040  1.0000  -7.1293   0.0000   0.0000   0.0000   0.2408
  16.600   1.5185   0.04442   0.04025  -0.0305  0.0040  1.0000  -7.1955   0.0000   0.0000   0.0000   0.2404
  16.700   1.5228   0.04491   0.04074  -0.0303  0.0040  1.0000  -7.2620   0.0000   0.0000   0.0000   0.2400
  16.800   1.5272   0.04540   0.04123  -0.0301  0.0040  1.0000  -7.3287   0.0000   0.0000   0.0000   0.2396
  16.900   1.5314   0.04589   0.04173  -0.0299  0.0040  1.0000  -7.3953   0.0000   0.0000   0.0000   0.2392
  17.000   1.5356   0.04639   0.04224  -0.0297  0.0040  1.0000  -7.4617   0.0000   0.0000   0.0000   0.2388
  17.100   1.5397   0.04690   0.04275  -0.0296  0.0040  1.0000  -7.5276   0.0000   0.0000   0.0000   0.2384
  17.200   1.5436   0.04742   0.04327  -0.0294  0.0040  1.0000  -7.5927   0.0000   0.0000   0.0000   0.2380
  17.300   1.5472   0.04796   0.04382  -0.0293  0.0040  1.0000  -7.6567   0.0000   0.0000   0.0000   0.2377
  17.400   1.5505   0.04853   0.04440  -0.0291  0.0040  1.0000  -7.7192   0.0000   0.0000   0.0000   0.2373
  17.500   1.5533   0.04916   0.04503  -0.0289  0.0040  1.0000  -7.7794   0.0000   0.0000   0.0000   0.2369
  17.600   1.5555   0.04986   0.04574  -0.0288  0.0040  1.0000  -7.8360   0.0000   0.0000   0.0000   0.2365
  17.700   1.5321   0.05328   0.04924  -0.0285  0.0040  1.0000  -7.7537   0.0000   0.0000   0.0000   0.2363
  17.800   1.5356   0.05389   0.04986  -0.0284  0.0040  1.0000  -7.8174   0.0000   0.0000   0.0000   0.2360
  17.900   1.5395   0.05448   0.05045  -0.0284  0.0040  1.0000  -7.8830   0.0000   0.0000   0.0000   0.2356
  18.000   1.5435   0.05505   0.05102  -0.0283  0.0040  1.0000  -7.9495   0.0000   0.0000   0.0000   0.2353
  18.100   1.5475   0.05561   0.05159  -0.0282  0.0039  1.0000  -8.0166   0.0000   0.0000   0.0000   0.2350
  18.200   1.5516   0.05617   0.05216  -0.0281  0.0039  1.0000  -8.0841   0.0000   0.0000   0.0000   0.2346
  18.300   1.5556   0.05673   0.05272  -0.0281  0.0039  1.0000  -8.1517   0.0000   0.0000   0.0000   0.2343
  18.400   1.5596   0.05730   0.05330  -0.0280  0.0039  1.0000  -8.2193   0.0000   0.0000   0.0000   0.2340
  18.500   1.5636   0.05789   0.05389  -0.0279  0.0039  1.0000  -8.2865   0.0000   0.0000   0.0000   0.2336
  18.600   1.5673   0.05848   0.05449  -0.0279  0.0039  1.0000  -8.3533   0.0000   0.0000   0.0000   0.2333
  18.700   1.5710   0.05910   0.05511  -0.0278  0.0039  1.0000  -8.4193   0.0000   0.0000   0.0000   0.2330
  18.800   1.5744   0.05974   0.05576  -0.0278  0.0039  1.0000  -8.4842   0.0000   0.0000   0.0000   0.2327
  18.900   1.5775   0.06042   0.05645  -0.0278  0.0039  1.0000  -8.5474   0.0000   0.0000   0.0000   0.2324
  19.000   1.5804   0.06112   0.05717  -0.0278  0.0039  1.0000  -8.6162   0.0000   0.0000   0.0000   0.2321
  19.100   1.5824   0.06192   0.05798  -0.0278  0.0038  1.0000  -8.6752   0.0000   0.0000   0.0000   0.2318
  19.200   1.5833   0.06286   0.05893  -0.0278  0.0038  1.0000  -8.7270   0.0000   0.0000   0.0000   0.2315
  19.300   1.5556   0.06739   0.06355  -0.0284  0.0039  1.0000  -8.6067   0.0000   0.0000   0.0000   0.2319
  19.400   1.5591   0.06806   0.06423  -0.0284  0.0038  1.0000  -8.6732   0.0000   0.0000   0.0000   0.2316
  19.500   1.5627   0.06871   0.06489  -0.0284  0.0038  1.0000  -8.7404   0.0000   0.0000   0.0000   0.2313
  19.600   1.5664   0.06935   0.06554  -0.0285  0.0038  1.0000  -8.8082   0.0000   0.0000   0.0000   0.2310
  19.700   1.5702   0.06999   0.06618  -0.0285  0.0038  1.0000  -8.8764   0.0000   0.0000   0.0000   0.2308
  19.800   1.5740   0.07062   0.06682  -0.0286  0.0038  1.0000  -8.9447   0.0000   0.0000   0.0000   0.2305
  19.900   1.5777   0.07126   0.06746  -0.0286  0.0038  1.0000  -9.0130   0.0000   0.0000   0.0000   0.2302
  20.000   1.5814   0.07191   0.06811  -0.0287  0.0038  1.0000  -9.0811   0.0000   0.0000   0.0000   0.2300
  20.100   1.5850   0.07256   0.06877  -0.0287  0.0038  1.0000  -9.1488   0.0000   0.0000   0.0000   0.2297
  20.200   1.5885   0.07324   0.06945  -0.0288  0.0037  1.0000  -9.2160   0.0000   0.0000   0.0000   0.2294
  20.300   1.5918   0.07393   0.07015  -0.0289  0.0037  1.0000  -9.2822   0.0000   0.0000   0.0000   0.2292
  20.400   1.5948   0.07465   0.07088  -0.0290  0.0037  1.0000  -9.3471   0.0000   0.0000   0.0000   0.2289
  20.500   1.5976   0.07542   0.07165  -0.0291  0.0037  1.0000  -9.4102   0.0000   0.0000   0.0000   0.2287
  20.600   1.5999   0.07624   0.07248  -0.0292  0.0037  1.0000  -9.4709   0.0000   0.0000   0.0000   0.2285
  20.700   1.6021   0.07711   0.07337  -0.0294  0.0037  1.0000  -9.5302   0.0000   0.0000   0.0000   0.2283
  20.800   1.6031   0.07813   0.07440  -0.0296  0.0037  1.0000  -9.5826   0.0000   0.0000   0.0000   0.2281
  20.900   1.6013   0.07952   0.07582  -0.0299  0.0037  1.0000  -9.6164   0.0000   0.0000   0.0000   0.2281
  21.100   1.5737   0.08565   0.08205  -0.0317  0.0037  1.0000  -9.5278   0.0000   0.0000   0.0000   0.2289
  21.200   1.5771   0.08637   0.08277  -0.0319  0.0037  1.0000  -9.5945   0.0000   0.0000   0.0000   0.2287
  21.300   1.5805   0.08709   0.08349  -0.0321  0.0037  1.0000  -9.6617   0.0000   0.0000   0.0000   0.2285
  21.400   1.5839   0.08780   0.08422  -0.0322  0.0036  1.0000  -9.7291   0.0000   0.0000   0.0000   0.2283
  21.500   1.5872   0.08853   0.08495  -0.0324  0.0036  1.0000  -9.7964   0.0000   0.0000   0.0000   0.2281
  21.600   1.5905   0.08926   0.08568  -0.0326  0.0036  1.0000  -9.8636   0.0000   0.0000   0.0000   0.2279
  21.700   1.5938   0.09000   0.08643  -0.0328  0.0036  1.0000  -9.9303   0.0000   0.0000   0.0000   0.2277
  21.800   1.5968   0.09077   0.08720  -0.0330  0.0036  1.0000  -9.9963   0.0000   0.0000   0.0000   0.2275
  21.900   1.6000   0.09153   0.08798  -0.0332  0.0036  1.0000  -10.0630   0.0000   0.0000   0.0000   0.2273
  22.000   1.6030   0.09233   0.08878  -0.0335  0.0035  1.0000  -10.1288   0.0000   0.0000   0.0000   0.2271
  22.100   1.6057   0.09316   0.08962  -0.0337  0.0035  1.0000  -10.1928   0.0000   0.0000   0.0000   0.2270
  22.200   1.6080   0.09406   0.09053  -0.0340  0.0035  1.0000  -10.2540   0.0000   0.0000   0.0000   0.2268
  22.300   1.6096   0.09506   0.09154  -0.0343  0.0035  1.0000  -10.3107   0.0000   0.0000   0.0000   0.2267
  22.400   1.6100   0.09625   0.09274  -0.0347  0.0035  1.0000  -10.3588   0.0000   0.0000   0.0000   0.2266
  22.500   1.6054   0.09818   0.09470  -0.0354  0.0035  1.0000  -10.3720   0.0000   0.0000   0.0000   0.2268
  22.900   1.2371   0.15997   0.15819  -0.1390  0.0033  0.7469  -7.7724   0.0000   0.0000   0.0000   0.3205
  23.000   1.2388   0.16116   0.15938  -0.1394  0.0033  0.7471  -7.8161   0.0000   0.0000   0.0000   0.3204
  23.100   1.2406   0.16232   0.16055  -0.1398  0.0033  0.7474  -7.8602   0.0000   0.0000   0.0000   0.3202
  23.200   1.2423   0.16348   0.16171  -0.1403  0.0033  0.7476  -7.9047   0.0000   0.0000   0.0000   0.3201
  23.300   1.2441   0.16463   0.16286  -0.1407  0.0032  0.7477  -7.9494   0.0000   0.0000   0.0000   0.3199
  23.400   1.2459   0.16577   0.16400  -0.1411  0.0032  0.7479  -7.9942   0.0000   0.0000   0.0000   0.3198
  23.500   1.2476   0.16691   0.16514  -0.1415  0.0031  0.7480  -8.0391   0.0000   0.0000   0.0000   0.3196
  23.600   1.2494   0.16805   0.16627  -0.1419  0.0031  0.7482  -8.0840   0.0000   0.0000   0.0000   0.3194
  23.700   1.2512   0.16918   0.16741  -0.1424  0.0031  0.7483  -8.1289   0.0000   0.0000   0.0000   0.3193
  23.800   1.2532   0.17022   0.16846  -0.1428  0.0031  0.7500  -8.1753   0.0000   0.0000   0.0000   0.3191
  23.900   1.2551   0.17137   0.16961  -0.1432  0.0030  0.7525  -8.2207   0.0000   0.0000   0.0000   0.3189
  24.000   1.2569   0.17253   0.17077  -0.1436  0.0030  0.7554  -8.2659   0.0000   0.0000   0.0000   0.3188
  24.100   1.2587   0.17371   0.17195  -0.1441  0.0030  0.7588  -8.3107   0.0000   0.0000   0.0000   0.3186
  24.200   1.2605   0.17488   0.17313  -0.1445  0.0029  0.7624  -8.3561   0.0000   0.0000   0.0000   0.3185
  24.300   1.2624   0.17605   0.17431  -0.1450  0.0029  0.7660  -8.4021   0.0000   0.0000   0.0000   0.3183
  24.400   1.2642   0.17724   0.17551  -0.1454  0.0028  0.7697  -8.4477   0.0000   0.0000   0.0000   0.3182
  24.500   1.2661   0.17847   0.17674  -0.1459  0.0028  0.7734  -8.4929   0.0000   0.0000   0.0000   0.3180
  24.600   1.2679   0.17973   0.17801  -0.1464  0.0027  0.7771  -8.5372   0.0000   0.0000   0.0000   0.3179
  24.700   1.2695   0.18103   0.17932  -0.1469  0.0027  0.7808  -8.5796   0.0000   0.0000   0.0000   0.3178
  24.800   1.2709   0.18241   0.18071  -0.1474  0.0026  0.7843  -8.6184   0.0000   0.0000   0.0000   0.3177
  24.900   1.2715   0.18404   0.18235  -0.1480  0.0026  0.7875  -8.6479   0.0000   0.0000   0.0000   0.3178
  25.000   1.1963   0.21788   0.21642  -0.1583  0.0029  0.7936  -7.6402   0.0000   0.0000   0.0000   0.3350
  25.100   1.1978   0.21912   0.21767  -0.1588  0.0029  0.7947  -7.6794   0.0000   0.0000   0.0000   0.3349
  25.200   1.1993   0.22035   0.21890  -0.1592  0.0028  0.7956  -7.7188   0.0000   0.0000   0.0000   0.3348
  25.300   1.2010   0.22148   0.22004  -0.1597  0.0028  0.7962  -7.7595   0.0000   0.0000   0.0000   0.3346
  25.400   1.2026   0.22269   0.22125  -0.1601  0.0028  0.7967  -7.7992   0.0000   0.0000   0.0000   0.3345
  25.500   1.2041   0.22388   0.22244  -0.1606  0.0028  0.7972  -7.8391   0.0000   0.0000   0.0000   0.3343
  25.600   1.2056   0.22506   0.22363  -0.1610  0.0027  0.7975  -7.8793   0.0000   0.0000   0.0000   0.3342
  25.700   1.2072   0.22623   0.22480  -0.1615  0.0027  0.7978  -7.9196   0.0000   0.0000   0.0000   0.3340
  25.800   1.2087   0.22739   0.22596  -0.1619  0.0026  0.7980  -7.9601   0.0000   0.0000   0.0000   0.3338
  25.900   1.2103   0.22855   0.22712  -0.1624  0.0026  0.7982  -8.0006   0.0000   0.0000   0.0000   0.3337
  26.000   1.2118   0.22970   0.22827  -0.1628  0.0025  0.7987  -8.0410   0.0000   0.0000   0.0000   0.3335
  26.100   1.2134   0.23085   0.22943  -0.1633  0.0025  0.8014  -8.0812   0.0000   0.0000   0.0000   0.3334
  26.200   1.2149   0.23202   0.23059  -0.1638  0.0024  0.8046  -8.1212   0.0000   0.0000   0.0000   0.3332
  26.300   1.2164   0.23319   0.23177  -0.1642  0.0024  0.8083  -8.1608   0.0000   0.0000   0.0000   0.3331
  26.400   1.2178   0.23438   0.23297  -0.1647  0.0023  0.8123  -8.2001   0.0000   0.0000   0.0000   0.3329
  26.500   1.2193   0.23559   0.23419  -0.1652  0.0023  0.8163  -8.2388   0.0000   0.0000   0.0000   0.3328
  26.600   1.2207   0.23683   0.23543  -0.1657  0.0022  0.8201  -8.2769   0.0000   0.0000   0.0000   0.3326
  26.700   1.2221   0.23810   0.23671  -0.1662  0.0022  0.8237  -8.3141   0.0000   0.0000   0.0000   0.3325
  26.800   1.2234   0.23941   0.23803  -0.1667  0.0022  0.8271  -8.3498   0.0000   0.0000   0.0000   0.3324
  26.900   1.2245   0.24079   0.23942  -0.1672  0.0022  0.8305  -8.3829   0.0000   0.0000   0.0000   0.3324
  27.000   1.2253   0.24234   0.24098  -0.1678  0.0022  0.8337  -8.4104   0.0000   0.0000   0.0000   0.3324
  27.100   1.1932   0.26028   0.25905  -0.1724  0.0022  0.8418  -7.8917   0.0000   0.0000   0.0000   0.3406
  27.200   1.1939   0.26181   0.26059  -0.1730  0.0022  0.8432  -7.9168   0.0000   0.0000   0.0000   0.3407
  27.300   1.1946   0.26333   0.26211  -0.1736  0.0022  0.8442  -7.9424   0.0000   0.0000   0.0000   0.3407
  27.400   1.1953   0.26482   0.26361  -0.1741  0.0022  0.8450  -7.9684   0.0000   0.0000   0.0000   0.3407
  27.500   1.1960   0.26631   0.26510  -0.1747  0.0022  0.8457  -7.9944   0.0000   0.0000   0.0000   0.3407
  27.600   1.1967   0.26779   0.26658  -0.1752  0.0022  0.8462  -8.0204   0.0000   0.0000   0.0000   0.3407
  27.700   1.1974   0.26928   0.26807  -0.1758  0.0022  0.8467  -8.0461   0.0000   0.0000   0.0000   0.3408
  27.800   1.1981   0.27077   0.26957  -0.1764  0.0022  0.8471  -8.0712   0.0000   0.0000   0.0000   0.3408
  27.900   1.1987   0.27229   0.27109  -0.1769  0.0022  0.8474  -8.0952   0.0000   0.0000   0.0000   0.3408
  28.000   1.1992   0.27386   0.27266  -0.1775  0.0022  0.8477  -8.1173   0.0000   0.0000   0.0000   0.3409
  28.100   1.1995   0.27552   0.27433  -0.1781  0.0022  0.8480  -8.1358   0.0000   0.0000   0.0000   0.3410
  28.200   1.1992   0.27746   0.27628  -0.1788  0.0022  0.8483  -8.1444   0.0000   0.0000   0.0000   0.3412
  28.500   1.4085   0.20200   0.19986  -0.0932  0.0022  1.0000  -10.8736   0.0000   0.0000   0.0000   0.2514
  28.600   1.4102   0.20257   0.20043  -0.0937  0.0022  1.0000  -10.9215   0.0000   0.0000   0.0000   0.2513
  28.700   1.4119   0.20312   0.20098  -0.0943  0.0022  1.0000  -10.9696   0.0000   0.0000   0.0000   0.2512
  28.800   1.4137   0.20365   0.20152  -0.0948  0.0022  1.0000  -11.0179   0.0000   0.0000   0.0000   0.2512
  28.900   1.4154   0.20418   0.20205  -0.0953  0.0022  1.0000  -11.0664   0.0000   0.0000   0.0000   0.2511
  29.000   1.4171   0.20470   0.20258  -0.0958  0.0022  1.0000  -11.1147   0.0000   0.0000   0.0000   0.2510
  29.100   1.4188   0.20523   0.20311  -0.0964  0.0022  1.0000  -11.1630   0.0000   0.0000   0.0000   0.2509
  29.200   1.4205   0.20575   0.20364  -0.0969  0.0022  1.0000  -11.2109   0.0000   0.0000   0.0000   0.2508
  29.300   1.4221   0.20628   0.20417  -0.0974  0.0022  1.0000  -11.2584   0.0000   0.0000   0.0000   0.2507
  29.400   1.4237   0.20683   0.20472  -0.0980  0.0022  1.0000  -11.3052   0.0000   0.0000   0.0000   0.2506
  29.500   1.4251   0.20738   0.20528  -0.0985  0.0022  1.0000  -11.3510   0.0000   0.0000   0.0000   0.2506
  29.600   1.4265   0.20796   0.20586  -0.0991  0.0022  1.0000  -11.3953   0.0000   0.0000   0.0000   0.2505
  29.700   1.4276   0.20857   0.20648  -0.0997  0.0021  1.0000  -11.4373   0.0000   0.0000   0.0000   0.2505
  29.800   1.4284   0.20923   0.20715  -0.1003  0.0021  1.0000  -11.4754   0.0000   0.0000   0.0000   0.2505
  29.900   1.4290   0.20993   0.20786  -0.1010  0.0021  1.0000  -11.5104   0.0000   0.0000   0.0000   0.2505


