   alpha      Beta       CL          CDi        CDv        CD         CY         Cl         Cm         Cn        Cni       QInf        XCP
  -10.000     0.000  -0.538343   0.008742   0.007930   0.016673   0.000000   0.000000   0.045286   0.000000   0.000000  141.0000     0.1427
   -9.900     0.000  -0.527878   0.008503   0.007877   0.016379   0.000000   0.000000   0.042364   0.000000   0.000000  141.0000     0.1345
   -9.800     0.000  -0.518239   0.008215   0.007830   0.016045   0.000000   0.000000   0.039673   0.000000  -0.000000  141.0000     0.1266
   -9.700     0.000  -0.508742   0.007923   0.007786   0.015709   0.000000   0.000000   0.037022  -0.000000  -0.000000  141.0000     0.1186
   -9.600     0.000  -0.499286   0.007632   0.007745   0.015378   0.000000   0.000000   0.034382   0.000000   0.000000  141.0000     0.1103
   -9.500     0.000  -0.489836   0.007347   0.007707   0.015053   0.000000   0.000000   0.031743   0.000000  -0.000000  141.0000     0.1016
   -9.400     0.000  -0.480380   0.007066   0.007669   0.014735   0.000000   0.000000   0.029102   0.000000   0.000000  141.0000     0.0926
   -9.300     0.000  -0.470908   0.006790   0.007632   0.014422   0.000000   0.000000   0.026453   0.000000   0.000000  141.0000     0.0833
   -9.200     0.000  -0.461412   0.006519   0.007595   0.014115   0.000000   0.000000   0.023796   0.000000   0.000000  141.0000     0.0735
   -9.100     0.000  -0.451891   0.006254   0.007557   0.013811   0.000000   0.000000   0.021128   0.000000   0.000000  141.0000     0.0632
   -9.000     0.000  -0.442349   0.005993   0.007518   0.013511   0.000000   0.000000   0.018450   0.000000   0.000000  141.0000     0.0524
   -8.900     0.000  -0.432792   0.005737   0.007477   0.013214   0.000000   0.000000   0.015765   0.000000  -0.000000  141.0000     0.0411
   -8.800     0.000  -0.423220   0.005487   0.007435   0.012921   0.000000   0.000000   0.013073   0.000000   0.000000  141.0000     0.0292
   -8.700     0.000  -0.413635   0.005242   0.007391   0.012633   0.000000   0.000000   0.010375   0.000000   0.000000  141.0000     0.0168
   -8.600     0.000  -0.404041   0.005002   0.007346   0.012348   0.000000   0.000000   0.007671   0.000000   0.000000  141.0000     0.0037
   -8.500     0.000  -0.394437   0.004768   0.007299   0.012067   0.000000   0.000000   0.004962   0.000000  -0.000000  141.0000    -0.0100
   -8.400     0.000  -0.384823   0.004539   0.007249   0.011788   0.000000   0.000000   0.002246   0.000000   0.000000  141.0000    -0.0245
   -8.300     0.000  -0.375200   0.004316   0.007198   0.011514   0.000000   0.000000  -0.000476   0.000000  -0.000000  141.0000    -0.0397
   -8.200     0.000  -0.365565   0.004098   0.007146   0.011244   0.000000   0.000000  -0.003203   0.000000   0.000000  141.0000    -0.0558
   -8.100     0.000  -0.355954   0.003884   0.007096   0.010979   0.000000   0.000000  -0.005923   0.000000   0.000000  141.0000    -0.0727
   -8.000     0.000  -0.346268   0.003678   0.007043   0.010720   0.000000   0.000000  -0.008669   0.000000   0.000000  141.0000    -0.0908
   -7.900     0.000  -0.336597   0.003476   0.006987   0.010463   0.000000   0.000000  -0.011414   0.000000   0.000000  141.0000    -0.1100
   -7.800     0.000  -0.326965   0.003279   0.006931   0.010210   0.000000  -0.000000  -0.014150   0.000000  -0.000000  141.0000    -0.1301
   -7.700     0.000  -0.317257   0.003090   0.006875   0.009965   0.000000   0.000000  -0.016909   0.000000  -0.000000  141.0000    -0.1517
   -7.600     0.000  -0.307566   0.002905   0.006818   0.009723   0.000000   0.000000  -0.019666   0.000000   0.000000  141.0000    -0.1747
   -7.500     0.000  -0.297886   0.002726   0.006752   0.009478   0.000000   0.000000  -0.022429   0.000000   0.000000  141.0000    -0.1991
   -7.400     0.000  -0.288208   0.002553   0.006678   0.009231   0.000000   0.000000  -0.025199   0.000000   0.000000  141.0000    -0.2255
   -7.300     0.000  -0.278526   0.002385   0.006602   0.008987   0.000000   0.000000  -0.027975   0.000000   0.000000  141.0000    -0.2537
   -7.200     0.000  -0.268825   0.002223   0.006540   0.008763   0.000000   0.000000  -0.030745   0.000000   0.000000  141.0000    -0.2833
   -7.100     0.000  -0.259082   0.002066   0.006507   0.008573   0.000000   0.000000  -0.033505   0.000000   0.000000  141.0000    -0.3155
   -7.000     0.000  -0.249339   0.001915   0.006478   0.008393   0.000000   0.000000  -0.036263   0.000000   0.000000  141.0000    -0.3503
   -6.900     0.000  -0.239600   0.001769   0.006451   0.008220   0.000000   0.000000  -0.039019   0.000000  -0.000000  141.0000    -0.3880
   -6.800     0.000  -0.229867   0.001629   0.006425   0.008054   0.000000   0.000000  -0.041772   0.000000   0.000000  141.0000    -0.4288
   -6.700     0.000  -0.220143   0.001496   0.006399   0.007895   0.000000   0.000000  -0.044522   0.000000   0.000000  141.0000    -0.4731
   -6.600     0.000  -0.210431   0.001368   0.006379   0.007746   0.000000   0.000000  -0.047265   0.000000   0.000000  141.0000    -0.5217
   -6.500     0.000  -0.200728   0.001245   0.006362   0.007607   0.000000   0.000000  -0.050000   0.000000   0.000000  141.0000    -0.5744
   -6.400     0.000  -0.191034   0.001129   0.006347   0.007476   0.000000   0.000000  -0.052732   0.000000   0.000000  141.0000    -0.6324
   -6.300     0.000  -0.181341   0.001018   0.006334   0.007352   0.000000   0.000000  -0.055464   0.000000   0.000000  141.0000    -0.6972
   -6.200     0.000  -0.171650   0.000913   0.006321   0.007234   0.000000   0.000000  -0.058195   0.000000   0.000000  141.0000    -0.7692
   -6.100     0.000  -0.161954   0.000814   0.006308   0.007122   0.000000   0.000000  -0.060928   0.000000   0.000000  141.0000    -0.8496
   -6.000     0.000  -0.152247   0.000720   0.006294   0.007014   0.000000   0.000000  -0.063666   0.000000   0.000000  141.0000    -0.9404
   -5.900     0.000  -0.142527   0.000632   0.006280   0.006912   0.000000   0.000000  -0.066410   0.000000   0.000000  141.0000    -1.0445
   -5.800     0.000  -0.132793   0.000550   0.006264   0.006814   0.000000   0.000000  -0.069160   0.000000  -0.000000  141.0000    -1.1638
   -5.700     0.000  -0.123049   0.000473   0.006248   0.006721   0.000000   0.000000  -0.071914   0.000000   0.000000  141.0000    -1.3017
   -5.600     0.000  -0.113293   0.000402   0.006231   0.006633   0.000000   0.000000  -0.074674   0.000000   0.000000  141.0000    -1.4643
   -5.500     0.000  -0.103569   0.000336   0.006213   0.006549   0.000000   0.000000  -0.077425   0.000000   0.000000  141.0000    -1.6576
   -5.400     0.000  -0.093769   0.000277   0.006195   0.006472   0.000000   0.000000  -0.080200   0.000000   0.000000  141.0000    -1.8909
   -5.300     0.000  -0.083987   0.000223   0.006177   0.006400   0.000000   0.000000  -0.082969   0.000000   0.000000  141.0000    -2.1799
   -5.200     0.000  -0.074205   0.000175   0.006159   0.006334   0.000000  -0.000000  -0.085740   0.000000  -0.000000  141.0000    -2.5468
   -5.100     0.000  -0.064458   0.000133   0.006140   0.006273   0.000000   0.000000  -0.088502   0.000000   0.000000  141.0000    -3.0284
   -5.000     0.000  -0.054635   0.000097   0.006121   0.006218   0.000000  -0.000000  -0.091286   0.000000   0.000000  141.0000    -3.6800
   -4.900     0.000  -0.044829   0.000066   0.006102   0.006168   0.000000  -0.000000  -0.094066   0.000000  -0.000000  141.0000    -4.6738
   -4.800     0.000  -0.035058   0.000041   0.006084   0.006125   0.000000   0.000000  -0.096836   0.000000   0.000000  141.0000    -6.2029
   -4.700     0.000  -0.025212   0.000022   0.006064   0.006086   0.000000   0.000000  -0.099630   0.000000   0.000000  141.0000    -9.1189
   -4.600     0.000  -0.015385   0.000009   0.006043   0.006052   0.000000  -0.000000  -0.102420   0.000000  -0.000000  141.0000   -17.0279
   -4.500     0.000  -0.005604   0.000002   0.006023   0.006025   0.000000  -0.000000  -0.105196   0.000000  -0.000000  141.0000   -16.6032
   -4.400     0.000   0.004248   0.000000   0.006003   0.006003   0.000000   0.000000  -0.107993   0.000000  -0.000000  141.0000    50.8535
   -4.300     0.000   0.014076   0.000004   0.005983   0.005987   0.000000  -0.000000  -0.110784   0.000000  -0.000000  141.0000    21.2914
   -4.200     0.000   0.023860   0.000015   0.005963   0.005978   0.000000   0.000000  -0.113562   0.000000  -0.000000  141.0000    11.0091
   -4.100     0.000   0.033714   0.000031   0.005943   0.005973   0.000000  -0.000000  -0.116361   0.000000   0.000000  141.0000     7.7102
   -4.000     0.000   0.043544   0.000053   0.005922   0.005975   0.000000  -0.000000  -0.119154   0.000000   0.000000  141.0000     5.9903
   -3.900     0.000   0.053330   0.000081   0.005902   0.005982   0.000000  -0.000000  -0.121935   0.000000   0.000000  141.0000     4.9579
   -3.800     0.000   0.063187   0.000114   0.005880   0.005994   0.000000   0.000000  -0.124738   0.000000   0.000000  141.0000     4.2648
   -3.700     0.000   0.073034   0.000153   0.005851   0.006004   0.000000  -0.000000  -0.127548   0.000000   0.000000  141.0000     3.7613
   -3.600     0.000   0.082887   0.000199   0.005794   0.005993   0.000000  -0.000000  -0.130394   0.000000   0.000000  141.0000     3.3752
   -3.500     0.000   0.092764   0.000250   0.005759   0.006010   0.000000  -0.000000  -0.133220   0.000000   0.000000  141.0000     3.0795
   -3.400     0.000   0.102563   0.000308   0.005732   0.006040   0.000000  -0.000000  -0.136016   0.000000   0.000000  141.0000     2.8399
   -3.300     0.000   0.112417   0.000371   0.005707   0.006078   0.000000  -0.000000  -0.138824   0.000000   0.000000  141.0000     2.6407
   -3.200     0.000   0.122229   0.000439   0.005688   0.006127   0.000000  -0.000000  -0.141614   0.000000   0.000000  141.0000     2.4751
   -3.100     0.000   0.132014   0.000514   0.005653   0.006168   0.000000  -0.000000  -0.144417   0.000000   0.000000  141.0000     2.3354
   -3.000     0.000   0.141867   0.000594   0.005606   0.006201   0.000000  -0.000000  -0.147256   0.000000   0.000000  141.0000     2.2130
   -2.900     0.000   0.151636   0.000680   0.005576   0.006257   0.000000  -0.000000  -0.150049   0.000000  -0.000000  141.0000     2.1077
   -2.800     0.000   0.161346   0.000772   0.005563   0.006334   0.000000   0.000000  -0.152804   0.000000   0.000000  141.0000     2.0155
   -2.700     0.000   0.170993   0.000869   0.005554   0.006423   0.000000  -0.000000  -0.155534   0.000000   0.000000  141.0000     1.9344
   -2.600     0.000   0.180736   0.000971   0.005534   0.006505   0.000000  -0.000000  -0.158308   0.000000   0.000000  141.0000     1.8611
   -2.500     0.000   0.190464   0.001081   0.005500   0.006581   0.000000  -0.000000  -0.161100   0.000000   0.000000  141.0000     1.7960
   -2.400     0.000   0.200270   0.001195   0.005467   0.006662   0.000000  -0.000000  -0.163914   0.000000   0.000000  141.0000     1.7366
   -2.300     0.000   0.210043   0.001315   0.005444   0.006759   0.000000  -0.000000  -0.166705   0.000000   0.000000  141.0000     1.6832
   -2.200     0.000   0.219823   0.001441   0.005422   0.006863   0.000000  -0.000000  -0.169497   0.000000   0.000000  141.0000     1.6341
   -2.100     0.000   0.229656   0.001574   0.005383   0.006957   0.000000  -0.000000  -0.172329   0.000000   0.000000  141.0000     1.5894
   -2.000     0.000   0.239537   0.001713   0.005331   0.007044   0.000000  -0.000000  -0.175198   0.000000  -0.000000  141.0000     1.5482
   -1.900     0.000   0.249354   0.001859   0.005290   0.007148   0.000000  -0.000000  -0.178032   0.000000   0.000000  141.0000     1.5104
   -1.800     0.000   0.259211   0.002008   0.005261   0.007269   0.000000  -0.000000  -0.180860   0.000000   0.000000  141.0000     1.4752
   -1.700     0.000   0.269032   0.002164   0.005240   0.007405   0.000000  -0.000000  -0.183665   0.000000   0.000000  141.0000     1.4427
   -1.600     0.000   0.278875   0.002326   0.005214   0.007540   0.000000  -0.000000  -0.186485   0.000000   0.000000  141.0000     1.4124
   -1.500     0.000   0.288750   0.002495   0.005180   0.007675   0.000000  -0.000000  -0.189327   0.000000   0.000000  141.0000     1.3842
   -1.400     0.000   0.298608   0.002671   0.005141   0.007812   0.000000  -0.000000  -0.192173   0.000000   0.000000  141.0000     1.3580
   -1.300     0.000   0.308527   0.002850   0.005105   0.007956   0.000000  -0.000000  -0.195032   0.000000   0.000000  141.0000     1.3332
   -1.200     0.000   0.318366   0.003038   0.005075   0.008113   0.000000  -0.000000  -0.197860   0.000000   0.000000  141.0000     1.3101
   -1.100     0.000   0.328261   0.003229   0.005047   0.008277   0.000000  -0.000000  -0.200699   0.000000   0.000000  141.0000     1.2884
   -1.000     0.000   0.338151   0.003427   0.005015   0.008442   0.000000  -0.000000  -0.203546   0.000000   0.000000  141.0000     1.2678
   -0.900     0.000   0.348072   0.003632   0.004972   0.008604   0.000000  -0.000000  -0.206420   0.000000  -0.000000  141.0000     1.2485
   -0.800     0.000   0.357976   0.003842   0.004929   0.008772   0.000000  -0.000000  -0.209289  -0.000000  -0.000000  141.0000     1.2303
   -0.700     0.000   0.367746   0.004059   0.004905   0.008964   0.000000  -0.000000  -0.212092   0.000000   0.000000  141.0000     1.2132
   -0.600     0.000   0.377359   0.004278   0.004895   0.009173   0.000000  -0.000000  -0.214827   0.000000   0.000000  141.0000     1.1970
   -0.500     0.000   0.386784   0.004499   0.004900   0.009399   0.000000  -0.000000  -0.217487   0.000000   0.000000  141.0000     1.1818
   -0.400     0.000   0.396301   0.004723   0.004905   0.009629   0.000000  -0.000000  -0.220173   0.000000   0.000000  141.0000     1.1674
   -0.300     0.000   0.405871   0.004956   0.004907   0.009862   0.000000  -0.000000  -0.222879   0.000000   0.000000  141.0000     1.1534
   -0.200     0.000   0.415493   0.005195   0.004905   0.010100   0.000000  -0.000000  -0.225603   0.000000   0.000000  141.0000     1.1400
   -0.100     0.000   0.425178   0.005440   0.004901   0.010341   0.000000  -0.000000  -0.228348   0.000000  -0.000000  141.0000     1.1271
    0.000     0.000   0.434913   0.005693   0.004895   0.010588   0.000000  -0.000000  -0.231111   0.000000   0.000000  141.0000     1.1148
    0.100     0.000   0.444655   0.005954   0.004879   0.010833   0.000000  -0.000000  -0.233891   0.000000   0.000000  141.0000     1.1031
    0.200     0.000   0.454452   0.006219   0.004854   0.011073   0.000000  -0.000000  -0.236706   0.000000   0.000000  141.0000     1.0919
    0.300     0.000   0.464281   0.006489   0.004831   0.011320   0.000000  -0.000000  -0.239525   0.000000   0.000000  141.0000     1.0811
    0.400     0.000   0.474039   0.006768   0.004815   0.011583   0.000000  -0.000000  -0.242311   0.000000   0.000000  141.0000     1.0709
    0.500     0.000   0.483741   0.007050   0.004806   0.011856   0.000000  -0.000000  -0.245072   0.000000   0.000000  141.0000     1.0610
    0.600     0.000   0.493061   0.007331   0.004826   0.012157   0.000000  -0.000000  -0.247677   0.000000   0.000000  141.0000     1.0516
    0.700     0.000   0.502256   0.007613   0.004857   0.012471   0.000000  -0.000000  -0.250226  -0.000000  -0.000000  141.0000     1.0426
    0.800     0.000   0.511563   0.007902   0.004885   0.012787   0.000000  -0.000000  -0.252811   0.000000   0.000000  141.0000     1.0339
    0.900     0.000   0.520588   0.008189   0.004942   0.013131   0.000000  -0.000000  -0.255267   0.000000   0.000000  141.0000     1.0255
    1.000     0.000   0.529322   0.008473   0.005029   0.013502   0.000000  -0.000000  -0.257585   0.000000   0.000000  141.0000     1.0174
    1.100     0.000   0.538073   0.008765   0.005110   0.013876   0.000000   0.000000  -0.259913   0.000000   0.000000  141.0000     1.0096
    1.200     0.000   0.546702   0.009054   0.005209   0.014263   0.000000  -0.000000  -0.262174   0.000000  -0.000000  141.0000     1.0019
    1.300     0.000   0.555109   0.009348   0.005322   0.014670   0.000000  -0.000000  -0.264341   0.000000   0.000000  141.0000     0.9946
    1.400     0.000   0.563768   0.009650   0.005415   0.015065   0.000000  -0.000000  -0.266612   0.000000   0.000000  141.0000     0.9874
    1.500     0.000   0.571864   0.009940   0.005555   0.015495   0.000000  -0.000000  -0.268631   0.000000   0.000000  141.0000     0.9805
    1.600     0.000   0.579874   0.010233   0.005694   0.015928   0.000000  -0.000000  -0.270621   0.000000   0.000000  141.0000     0.9738
    1.700     0.000   0.587407   0.010521   0.005865   0.016386   0.000000  -0.000000  -0.272405   0.000000   0.000000  141.0000     0.9674
    1.800     0.000   0.593171   0.010774   0.006173   0.016947   0.000000  -0.000000  -0.273386   0.000000   0.000000  141.0000     0.9611
    1.900     0.000   0.600301   0.011050   0.006369   0.017419   0.000000  -0.000000  -0.274963   0.000000   0.000000  141.0000     0.9548
    2.000     0.000   0.608060   0.011344   0.006517   0.017861   0.000000  -0.000000  -0.276815   0.000000   0.000000  141.0000     0.9487
    2.100     0.000   0.616158   0.011641   0.006647   0.018288   0.000000  -0.000000  -0.278799  -0.000000   0.000000  141.0000     0.9426
    2.200     0.000   0.624720   0.011964   0.006734   0.018698   0.000000  -0.000000  -0.281002   0.000000  -0.000000  141.0000     0.9368
    2.300     0.000   0.633602   0.012295   0.006800   0.019095   0.000000  -0.000000  -0.283342   0.000000   0.000000  141.0000     0.9310
    2.400     0.000   0.641571   0.012611   0.006930   0.019541   0.000000  -0.000000  -0.285272  -0.000000   0.000000  141.0000     0.9255
    2.500     0.000   0.649825   0.012941   0.007036   0.019976   0.000000  -0.000000  -0.287333   0.000000   0.000000  141.0000     0.9200
    2.600     0.000   0.658674   0.013292   0.007095   0.020387   0.000000  -0.000000  -0.289666   0.000000   0.000000  141.0000     0.9147
    2.700     0.000   0.667515   0.013644   0.007157   0.020801   0.000000  -0.000000  -0.291990   0.000000   0.000000  141.0000     0.9095
    2.800     0.000   0.676376   0.014014   0.007207   0.021221   0.000000  -0.000000  -0.294343   0.000000   0.000000  141.0000     0.9046
    2.900     0.000   0.685243   0.014374   0.007263   0.021637   0.000000  -0.000000  -0.296681   0.000000   0.000000  141.0000     0.8997
    3.000     0.000   0.693582   0.014702   0.007368   0.022070   0.000000  -0.000000  -0.298754   0.000000   0.000000  141.0000     0.8948
    3.100     0.000   0.702501   0.015083   0.007407   0.022490   0.000000  -0.000000  -0.301136   0.000000  -0.000000  141.0000     0.8902
    3.200     0.000   0.711479   0.015477   0.007440   0.022917   0.000000  -0.000000  -0.303548   0.000000  -0.000000  141.0000     0.8857
    3.300     0.000   0.720476   0.015873   0.007476   0.023349   0.000000  -0.000000  -0.305958   0.000000   0.000000  141.0000     0.8813
    3.400     0.000   0.729448   0.016271   0.007515   0.023786   0.000000  -0.000000  -0.308354   0.000000  -0.000000  141.0000     0.8770
    3.500     0.000   0.738401   0.016674   0.007556   0.024230   0.000000  -0.000000  -0.310739   0.000000   0.000000  141.0000     0.8728
    3.600     0.000   0.747284   0.017078   0.007601   0.024679   0.000000  -0.000000  -0.313088   0.000000  -0.000000  141.0000     0.8686
    3.700     0.000   0.756098   0.017481   0.007652   0.025133   0.000000  -0.000000  -0.315404   0.000000   0.000000  141.0000     0.8646
    3.800     0.000   0.764958   0.017892   0.007697   0.025589   0.000000  -0.000000  -0.317744   0.000000   0.000000  141.0000     0.8606
    3.900     0.000   0.773727   0.018315   0.007742   0.026057   0.000000  -0.000000  -0.320057   0.000000   0.000000  141.0000     0.8568
    4.000     0.000   0.782246   0.018729   0.007810   0.026539   0.000000  -0.000000  -0.322246   0.000000   0.000000  141.0000     0.8530
    4.100     0.000   0.791143   0.019101   0.007881   0.026983   0.000000  -0.000000  -0.324524   0.000000  -0.000000  141.0000     0.8491
    4.200     0.000   0.800004   0.019540   0.007917   0.027457   0.000000  -0.000000  -0.326875   0.000000   0.000000  141.0000     0.8455
    4.300     0.000   0.808913   0.019982   0.007949   0.027932   0.000000  -0.000000  -0.329244   0.000000  -0.000000  141.0000     0.8419
    4.400     0.000   0.817820   0.020429   0.007980   0.028409   0.000000  -0.000000  -0.331613   0.000000  -0.000000  141.0000     0.8385
    4.500     0.000   0.826714   0.020879   0.008012   0.028891   0.000000  -0.000000  -0.333976   0.000000   0.000000  141.0000     0.8351
    4.600     0.000   0.835577   0.021332   0.008046   0.029378   0.000000  -0.000000  -0.336322   0.000000   0.000000  141.0000     0.8318
    4.700     0.000   0.844358   0.021788   0.008083   0.029872   0.000000  -0.000000  -0.338635   0.000000  -0.000000  141.0000     0.8285
    4.800     0.000   0.853146   0.022247   0.008121   0.030367   0.000000  -0.000000  -0.340945   0.000000   0.000000  141.0000     0.8253
    4.900     0.000   0.861920   0.022708   0.008158   0.030867   0.000000  -0.000000  -0.343248   0.000000   0.000000  141.0000     0.8221
    5.000     0.000   0.870744   0.023174   0.008193   0.031367   0.000000  -0.000000  -0.345568   0.000000  -0.000000  141.0000     0.8190
    5.100     0.000   0.879515   0.023646   0.008229   0.031875   0.000000  -0.000000  -0.347868   0.000000   0.000000  141.0000     0.8160
    5.200     0.000   0.888202   0.024117   0.008272   0.032389   0.000000  -0.000000  -0.350126  -0.000000  -0.000000  141.0000     0.8130
    5.300     0.000   0.896872   0.024593   0.008314   0.032907   0.000000  -0.000000  -0.352378   0.000000  -0.000000  141.0000     0.8100
    5.400     0.000   0.905530   0.025075   0.008354   0.033428   0.000000  -0.000000  -0.354625   0.000000  -0.000000  141.0000     0.8071
    5.500     0.000   0.914150   0.025559   0.008395   0.033954   0.000000  -0.000000  -0.356854   0.000000   0.000000  141.0000     0.8042
    5.600     0.000   0.922731   0.026046   0.008437   0.034483   0.000000  -0.000000  -0.359065   0.000000   0.000000  141.0000     0.8014
    5.700     0.000   0.931271   0.026535   0.008481   0.035016   0.000000   0.000000  -0.361255   0.000000   0.000000  141.0000     0.7986
    5.800     0.000   0.939768   0.027026   0.008527   0.035553   0.000000  -0.000000  -0.363425   0.000000  -0.000000  141.0000     0.7959
    5.900     0.000   0.948233   0.027522   0.008572   0.036094   0.000000  -0.000000  -0.365579   0.000000   0.000000  141.0000     0.7932
    6.000     0.000   0.956642   0.028018   0.008620   0.036638   0.000000  -0.000000  -0.367706   0.000000   0.000000  141.0000     0.7905
    6.100     0.000   0.964988   0.028514   0.008672   0.037185   0.000000  -0.000000  -0.369801  -0.000000  -0.000000  141.0000     0.7878
    6.200     0.000   0.973300   0.029013   0.008722   0.037735   0.000000  -0.000000  -0.371881  -0.000000  -0.000000  141.0000     0.7852
    6.300     0.000   0.980363   0.029485   0.008818   0.038303   0.000000  -0.000000  -0.373404  -0.000000  -0.000000  141.0000     0.7825
    6.400     0.000   0.987539   0.029944   0.008914   0.038858   0.000000  -0.000000  -0.374952   0.000000   0.000000  141.0000     0.7797
    6.500     0.000   0.995191   0.030417   0.009002   0.039419   0.000000  -0.000000  -0.376709   0.000000   0.000000  141.0000     0.7770
    6.600     0.000   1.002403   0.030862   0.009094   0.039956   0.000000  -0.000000  -0.378246   0.000000   0.000000  141.0000     0.7743
    6.700     0.000   1.010232   0.031351   0.009151   0.040502   0.000000  -0.000000  -0.380093   0.000000  -0.000000  141.0000     0.7718
    6.800     0.000   1.017952   0.031848   0.009207   0.041055   0.000000  -0.000000  -0.381896  -0.000000  -0.000000  141.0000     0.7693
    6.900     0.000   1.024859   0.032315   0.009292   0.041607   0.000000  -0.000000  -0.383321   0.000000   0.000000  141.0000     0.7666
    7.000     0.000   1.032447   0.032807   0.009348   0.042155   0.000000  -0.000000  -0.385054   0.000000  -0.000000  141.0000     0.7641
    7.100     0.000   1.039524   0.033293   0.009403   0.042696   0.000000  -0.000000  -0.386558   0.000000  -0.000000  141.0000     0.7616
    7.200     0.000   1.045683   0.033747   0.009456   0.043203   0.000000  -0.000000  -0.387623   0.000000  -0.000000  141.0000     0.7589
    7.300     0.000   1.051270   0.034177   0.009509   0.043686   0.000000  -0.000000  -0.388408   0.000000  -0.000000  141.0000     0.7561
    7.400     0.000   1.056308   0.034567   0.009582   0.044149   0.000000  -0.000000  -0.388918   0.000000   0.000000  141.0000     0.7532
    7.500     0.000   1.061073   0.034949   0.009645   0.044594   0.000000  -0.000000  -0.389291   0.000000  -0.000000  141.0000     0.7502
    7.600     0.000   1.065960   0.035339   0.009701   0.045040   0.000000  -0.000000  -0.389721   0.000000   0.000000  141.0000     0.7472
    7.700     0.000   1.071147   0.035742   0.009757   0.045499   0.000000  -0.000000  -0.390296  -0.000000  -0.000000  141.0000     0.7444
    7.800     0.000   1.076490   0.036149   0.009814   0.045963   0.000000  -0.000000  -0.390952   0.000000   0.000000  141.0000     0.7416
    7.900     0.000   1.081930   0.036557   0.009873   0.046430   0.000000  -0.000000  -0.391655  -0.000000  -0.000000  141.0000     0.7389
    8.000     0.000   1.087711   0.036978   0.009933   0.046911   0.000000  -0.000000  -0.392522  -0.000000  -0.000000  141.0000     0.7363
    8.100     0.000   1.093620   0.037411   0.009993   0.047404   0.000000  -0.000000  -0.393460  -0.000000  -0.000000  141.0000     0.7337
    8.200     0.000   1.099550   0.037850   0.010054   0.047904   0.000000  -0.000000  -0.394411   0.000000   0.000000  141.0000     0.7312
    8.300     0.000   1.105743   0.038307   0.010116   0.048423   0.000000  -0.000000  -0.395498   0.000000  -0.000000  141.0000     0.7287
    8.400     0.000   1.111440   0.038725   0.010194   0.048918   0.000000  -0.000000  -0.396342   0.000000   0.000000  141.0000     0.7262
    8.500     0.000   1.117119   0.039133   0.010270   0.049403   0.000000  -0.000000  -0.397167   0.000000   0.000000  141.0000     0.7237
    8.600     0.000   1.122882   0.039563   0.010340   0.049903   0.000000  -0.000000  -0.398047   0.000000   0.000000  141.0000     0.7213
    8.700     0.000   1.128599   0.039993   0.010411   0.050404   0.000000  -0.000000  -0.398908   0.000000   0.000000  141.0000     0.7188
    8.800     0.000   1.134258   0.040421   0.010485   0.050906   0.000000  -0.000000  -0.399745   0.000000   0.000000  141.0000     0.7164
    8.900     0.000   1.140140   0.040865   0.010563   0.051428   0.000000  -0.000000  -0.400699  -0.000000  -0.000000  141.0000     0.7141
    9.000     0.000   1.144539   0.041273   0.010659   0.051931   0.000000  -0.000000  -0.401024   0.000000   0.000000  141.0000     0.7116
    9.100     0.000   1.148812   0.041665   0.010760   0.052426   0.000000  -0.000000  -0.401288  -0.000000  -0.000000  141.0000     0.7090
    9.200     0.000   1.153372   0.042066   0.010861   0.052927   0.000000  -0.000000  -0.401680   0.000000  -0.000000  141.0000     0.7066
    9.300     0.000   1.158296   0.042478   0.010959   0.053437   0.000000  -0.000000  -0.402235   0.000000  -0.000000  141.0000     0.7042
    9.400     0.000   1.162830   0.042893   0.011061   0.053954   0.000000  -0.000000  -0.402638   0.000000   0.000000  141.0000     0.7018
    9.500     0.000   1.167952   0.043265   0.011159   0.054424   0.000000  -0.000000  -0.403236   0.000000   0.000000  141.0000     0.6994
    9.600     0.000   1.173143   0.043660   0.011255   0.054916   0.000000  -0.000000  -0.403887   0.000000   0.000000  141.0000     0.6971
    9.700     0.000   1.177236   0.044021   0.011363   0.055384   0.000000  -0.000000  -0.404061   0.000000   0.000000  141.0000     0.6946
    9.800     0.000   1.182116   0.044391   0.011468   0.055859   0.000000  -0.000000  -0.404571   0.000000   0.000000  141.0000     0.6922
    9.900     0.000   1.187264   0.044789   0.011568   0.056356   0.000000  -0.000000  -0.405222   0.000000   0.000000  141.0000     0.6900
   10.000     0.000   1.191613   0.045231   0.011682   0.056913   0.000000  -0.000000  -0.405623  -0.000000  -0.000000  141.0000     0.6878
   10.100     0.000   1.195740   0.045608   0.011812   0.057420   0.000000   0.000000  -0.405892   0.000000  -0.000000  141.0000     0.6855
   10.200     0.000   1.199501   0.045977   0.011952   0.057929   0.000000  -0.000000  -0.406016   0.000000  -0.000000  141.0000     0.6832
   10.300     0.000   1.203878   0.046348   0.012074   0.058422   0.000000  -0.000000  -0.406378   0.000000   0.000000  141.0000     0.6809
   10.400     0.000   1.207403   0.046682   0.012217   0.058899   0.000000  -0.000000  -0.406382   0.000000  -0.000000  141.0000     0.6786
   10.500     0.000   1.212174   0.047061   0.012349   0.059410   0.000000  -0.000000  -0.406920   0.000000   0.000000  141.0000     0.6764
   10.600     0.000   1.217416   0.047473   0.012468   0.059940   0.000000   0.000000  -0.407677  -0.000000  -0.000000  141.0000     0.6744
   10.700     0.000   1.222029   0.047889   0.012593   0.060482   0.000000  -0.000000  -0.408199  -0.000000  -0.000000  141.0000     0.6723
   10.800     0.000   1.226672   0.048292   0.012725   0.061016   0.000000  -0.000000  -0.408725  -0.000000  -0.000000  141.0000     0.6703
   10.900     0.000   1.231857   0.048725   0.012849   0.061573   0.000000   0.000000  -0.409494  -0.000000  -0.000000  141.0000     0.6684
   11.000     0.000   1.237035   0.049167   0.012975   0.062142   0.000000  -0.000000  -0.410269  -0.000000  -0.000000  141.0000     0.6665
   11.100     0.000   1.241496   0.049623   0.013118   0.062741   0.000000  -0.000000  -0.410794  -0.000000  -0.000000  141.0000     0.6645
   11.200     0.000   1.244665   0.049977   0.013309   0.063287   0.000000  -0.000000  -0.410770  -0.000000  -0.000000  141.0000     0.6624
   11.300     0.000   1.247511   0.050305   0.013509   0.063814   0.000000  -0.000000  -0.410604   0.000000   0.000000  141.0000     0.6602
   11.400     0.000   1.251528   0.050643   0.013682   0.064326   0.000000  -0.000000  -0.410883   0.000000  -0.000000  141.0000     0.6582
   11.500     0.000   1.254129   0.050922   0.013884   0.064806   0.000000  -0.000000  -0.410573   0.000000   0.000000  141.0000     0.6559
   11.600     0.000   1.258680   0.051277   0.014053   0.065330   0.000000  -0.000000  -0.411079   0.000000   0.000000  141.0000     0.6539
   11.700     0.000   1.263388   0.051680   0.014211   0.065891   0.000000  -0.000000  -0.411680   0.000000   0.000000  141.0000     0.6521
   11.800     0.000   1.268123   0.052054   0.014369   0.066423   0.000000  -0.000000  -0.412265   0.000000   0.000000  141.0000     0.6502
   11.900     0.000   1.271409   0.052390   0.014566   0.066957   0.000000  -0.000000  -0.412287   0.000000   0.000000  141.0000     0.6481
   12.000     0.000   1.276041   0.052746   0.014737   0.067483   0.000000  -0.000000  -0.412836   0.000000   0.000000  141.0000     0.6462
   12.100     0.000   1.280671   0.053136   0.014905   0.068041   0.000000  -0.000000  -0.413414   0.000000   0.000000  141.0000     0.6444
   12.200     0.000   1.285237   0.053529   0.015077   0.068606   0.000000  -0.000000  -0.413975   0.000000   0.000000  141.0000     0.6426
   12.300     0.000   1.287009   0.053870   0.015366   0.069237   0.000000  -0.000000  -0.413545   0.000000  -0.000000  141.0000     0.6406
   12.400     0.000   1.290336   0.054241   0.015604   0.069845   0.000000  -0.000000  -0.413694  -0.000000  -0.000000  141.0000     0.6388
   12.500     0.000   1.293115   0.054530   0.015861   0.070391   0.000000  -0.000000  -0.413587   0.000000   0.000000  141.0000     0.6368
   12.600     0.000   1.296907   0.054822   0.016078   0.070900   0.000000   0.000000  -0.413837   0.000000   0.000000  141.0000     0.6349
   12.700     0.000   1.299592   0.055120   0.016353   0.071473   0.000000   0.000000  -0.413724  -0.000000  -0.000000  141.0000     0.6330
   12.800     0.000   1.304253   0.055508   0.016557   0.072065   0.000000  -0.000000  -0.414384  -0.000000  -0.000000  141.0000     0.6313
   12.900     0.000   1.308949   0.055932   0.016756   0.072688   0.000000   0.000000  -0.415083  -0.000000  -0.000000  141.0000     0.6297
   13.000     0.000   1.311993   0.056309   0.017016   0.073326   0.000000  -0.000000  -0.415169  -0.000000  -0.000000  141.0000     0.6280
   13.100     0.000   1.316672   0.056693   0.017230   0.073924   0.000000   0.000000  -0.415853  -0.000000  -0.000000  141.0000     0.6264
   13.200     0.000   1.321312   0.057117   0.017441   0.074557   0.000000  -0.000000  -0.416551  -0.000000  -0.000000  141.0000     0.6248
   13.300     0.000   1.325891   0.057546   0.017655   0.075202   0.000000  -0.000000  -0.417234  -0.000000  -0.000000  141.0000     0.6233
   13.400     0.000   1.328814   0.057950   0.017952   0.075902   0.000000   0.000000  -0.417357  -0.000000  -0.000000  141.0000     0.6217
   13.500     0.000   1.331480   0.058289   0.018279   0.076568   0.000000  -0.000000  -0.417367  -0.000000  -0.000000  141.0000     0.6200
   13.600     0.000   1.333725   0.058607   0.018629   0.077236   0.000000  -0.000000  -0.417227  -0.000000  -0.000000  141.0000     0.6183
   13.700     0.000   1.336568   0.058882   0.018941   0.077823   0.000000  -0.000000  -0.417248  -0.000000  -0.000000  141.0000     0.6166
   13.800     0.000   1.338199   0.059077   0.019311   0.078387   0.000000  -0.000000  -0.416807   0.000000   0.000000  141.0000     0.6147
   13.900     0.000   1.342351   0.059429   0.019574   0.079004   0.000000   0.000000  -0.417348  -0.000000  -0.000000  141.0000     0.6132
   14.000     0.000   1.346383   0.059749   0.019827   0.079576   0.000000  -0.000000  -0.417799   0.000000   0.000000  141.0000     0.6116
   14.100     0.000   1.350528   0.060094   0.020082   0.080177   0.000000   0.000000  -0.418315   0.000000   0.000000  141.0000     0.6100
   14.200     0.000   1.352940   0.060440   0.020426   0.080867   0.000000  -0.000000  -0.418270  -0.000000  -0.000000  141.0000     0.6084
   14.300     0.000   1.357217   0.060822   0.020690   0.081512   0.000000  -0.000000  -0.418893  -0.000000  -0.000000  141.0000     0.6070
   14.400     0.000   1.361522   0.061232   0.020947   0.082179   0.000000  -0.000000  -0.419547  -0.000000  -0.000000  141.0000     0.6056
   14.500     0.000   1.365782   0.061649   0.021207   0.082856   0.000000   0.000000  -0.420196  -0.000000  -0.000000  141.0000     0.6042
   14.600     0.000   1.369969   0.062071   0.021471   0.083542   0.000000  -0.000000  -0.420829  -0.000000  -0.000000  141.0000     0.6029
   14.700     0.000   1.372700   0.062464   0.021830   0.084294   0.000000  -0.000000  -0.421004  -0.000000  -0.000000  141.0000     0.6015
   15.300     0.000   1.386826   0.064276   0.024204   0.088480   0.000000  -0.000000  -0.421076   0.000000   0.000000  141.0000     0.5927
   15.400     0.000   1.391353   0.064545   0.024518   0.089063   0.000000  -0.000000  -0.421822  -0.000000  -0.000000  141.0000     0.5914
   15.500     0.000   1.393481   0.064806   0.024966   0.089772   0.000000  -0.000000  -0.421802  -0.000000  -0.000000  141.0000     0.5900
   15.600     0.000   1.397773   0.065184   0.025277   0.090461   0.000000  -0.000000  -0.422526  -0.000000  -0.000000  141.0000     0.5887
   15.700     0.000   1.401877   0.065578   0.025590   0.091168   0.000000  -0.000000  -0.423179   0.000000   0.000000  141.0000     0.5874
   15.800     0.000   1.405963   0.065977   0.025907   0.091884   0.000000   0.000000  -0.423845  -0.000000  -0.000000  141.0000     0.5862
   15.900     0.000   1.409978   0.066393   0.026232   0.092625   0.000000  -0.000000  -0.424513  -0.000000  -0.000000  141.0000     0.5850
   16.000     0.000   1.412330   0.066785   0.026684   0.093470   0.000000  -0.000000  -0.424692  -0.000000  -0.000000  141.0000     0.5839
   16.100     0.000   1.413319   0.067048   0.027274   0.094322   0.000000  -0.000000  -0.424431  -0.000000  -0.000000  141.0000     0.5826
   16.200     0.000   1.414250   0.067107   0.027830   0.094937   0.000000  -0.000000  -0.423979   0.000000   0.000000  141.0000     0.5811
   16.300     0.000   1.415198   0.067315   0.028442   0.095757   0.000000  -0.000000  -0.423673   0.000000   0.000000  141.0000     0.5798
   16.400     0.000   1.419143   0.067674   0.028804   0.096477   0.000000   0.000000  -0.424325  -0.000000  -0.000000  141.0000     0.5786
   16.500     0.000   1.420429   0.067954   0.029373   0.097327   0.000000   0.000000  -0.424174  -0.000000  -0.000000  141.0000     0.5774
   16.600     0.000   1.423780   0.068197   0.029743   0.097939   0.000000  -0.000000  -0.424548   0.000000   0.000000  141.0000     0.5760
   16.700     0.000   1.427809   0.068565   0.030091   0.098656   0.000000  -0.000000  -0.425239  -0.000000  -0.000000  141.0000     0.5749
   16.800     0.000   1.431636   0.068975   0.030433   0.099408   0.000000  -0.000000  -0.425877  -0.000000  -0.000000  141.0000     0.5738
   16.900     0.000   1.432784   0.069233   0.030974   0.100207   0.000000  -0.000000  -0.425640  -0.000000  -0.000000  141.0000     0.5725
   17.000     0.000   1.436312   0.069590   0.031306   0.100896   0.000000   0.000000  -0.426127  -0.000000  -0.000000  141.0000     0.5713
   17.100     0.000   1.439958   0.069982   0.031650   0.101631   0.000000  -0.000000  -0.426696  -0.000000  -0.000000  141.0000     0.5701
   17.200     0.000   1.443663   0.070381   0.032011   0.102392   0.000000  -0.000000  -0.427317  -0.000000  -0.000000  141.0000     0.5690
   17.300     0.000   1.447189   0.070776   0.032386   0.103162   0.000000  -0.000000  -0.427886  -0.000000  -0.000000  141.0000     0.5679
   17.400     0.000   1.450548   0.071139   0.032785   0.103924   0.000000  -0.000000  -0.428395   0.000000   0.000000  141.0000     0.5668
   17.500     0.000   1.448726   0.071289   0.033697   0.104986   0.000000  -0.000000  -0.427461   0.000000   0.000000  141.0000     0.5658
   17.600     0.000   1.448804   0.071239   0.034413   0.105651   0.000000  -0.000000  -0.426879   0.000000   0.000000  141.0000     0.5644
   17.700     0.000   1.448874   0.071402   0.035150   0.106552   0.000000  -0.000000  -0.426444   0.000000   0.000000  141.0000     0.5633
   17.800     0.000   1.452508   0.071722   0.035552   0.107274   0.000000  -0.000000  -0.427045   0.000000   0.000000  141.0000     0.5622
   17.900     0.000   1.452263   0.071782   0.036312   0.108094   0.000000  -0.000000  -0.426461   0.000000   0.000000  141.0000     0.5610
   18.000     0.000   1.456207   0.072110   0.036721   0.108831   0.000000  -0.000000  -0.427201   0.000000   0.000000  141.0000     0.5600
   18.100     0.000   1.460092   0.072489   0.037120   0.109608   0.000000  -0.000000  -0.427941   0.000000   0.000000  141.0000     0.5590
   18.200     0.000   1.463953   0.072876   0.037524   0.110400   0.000000  -0.000000  -0.428692  -0.000000  -0.000000  141.0000     0.5580
   18.300     0.000   1.464794   0.073112   0.038224   0.111335   0.000000  -0.000000  -0.428578   0.000000  -0.000000  141.0000     0.5570
   18.400     0.000   1.468705   0.073474   0.038632   0.112106   0.000000  -0.000000  -0.429350   0.000000  -0.000000  141.0000     0.5561
   18.500     0.000   1.472436   0.073865   0.039034   0.112900   0.000000   0.000000  -0.430072   0.000000  -0.000000  141.0000     0.5551
   18.600     0.000   1.476218   0.074269   0.039452   0.113721   0.000000  -0.000000  -0.430846   0.000000  -0.000000  141.0000     0.5542
   18.700     0.000   1.479905   0.074667   0.039886   0.114553   0.000000  -0.000000  -0.431607  -0.000000  -0.000000  141.0000     0.5533
   18.800     0.000   1.483389   0.075060   0.040341   0.115401   0.000000  -0.000000  -0.432318  -0.000000  -0.000000  141.0000     0.5525
   18.900     0.000   1.486588   0.075432   0.040827   0.116259   0.000000  -0.000000  -0.432952  -0.000000  -0.000000  141.0000     0.5516
   19.000     0.000   1.483730   0.075245   0.041962   0.117207   0.000000  -0.000000  -0.431803  -0.000000  -0.000000  141.0000     0.5506
   19.100     0.000   1.483097   0.075432   0.042908   0.118339   0.000000  -0.000000  -0.431467  -0.000000  -0.000000  141.0000     0.5499
   19.200     0.000   1.481827   0.075422   0.043898   0.119320   0.000000   0.000000  -0.430824   0.000000   0.000000  141.0000     0.5490
   19.300     0.000   1.485433   0.075735   0.044385   0.120120   0.000000   0.000000  -0.431583   0.000000   0.000000  141.0000     0.5482
   19.400     0.000   1.488985   0.076111   0.044866   0.120977   0.000000  -0.000000  -0.432355   0.000000  -0.000000  141.0000     0.5474
   19.500     0.000   1.488893   0.076335   0.045756   0.122091   0.000000  -0.000000  -0.432169  -0.000000  -0.000000  141.0000     0.5467
   19.600     0.000   1.492732   0.076703   0.046224   0.122927   0.000000  -0.000000  -0.433033  -0.000000  -0.000000  141.0000     0.5458
   19.700     0.000   1.496433   0.077099   0.046693   0.123792   0.000000  -0.000000  -0.433863  -0.000000  -0.000000  141.0000     0.5451
   19.800     0.000   1.499896   0.077482   0.047173   0.124655   0.000000  -0.000000  -0.434612  -0.000000  -0.000000  141.0000     0.5442
   19.900     0.000   1.500011   0.077649   0.048043   0.125692   0.000000   0.000000  -0.434461  -0.000000  -0.000000  141.0000     0.5435
   20.000     0.000   1.503726   0.078001   0.048530   0.126531   0.000000  -0.000000  -0.435298  -0.000000  -0.000000  141.0000     0.5427
   20.100     0.000   1.507355   0.078395   0.049023   0.127418   0.000000  -0.000000  -0.436140  -0.000000  -0.000000  141.0000     0.5419
   20.200     0.000   1.510830   0.078786   0.049531   0.128316   0.000000  -0.000000  -0.436944   0.000000  -0.000000  141.0000     0.5412
   20.300     0.000   1.514121   0.079163   0.050060   0.129224   0.000000  -0.000000  -0.437702  -0.000000  -0.000000  141.0000     0.5405
   20.400     0.000   1.515200   0.079268   0.050831   0.130099   0.000000  -0.000000  -0.437798   0.000000  -0.000000  141.0000     0.5397
   20.500     0.000   1.517997   0.079596   0.051423   0.131019   0.000000  -0.000000  -0.438419   0.000000   0.000000  141.0000     0.5389
   20.600     0.000   1.515532   0.079464   0.052678   0.132142   0.000000  -0.000000  -0.437638   0.000000   0.000000  141.0000     0.5383
   20.700     0.000   1.513876   0.079576   0.053883   0.133459   0.000000  -0.000000  -0.437242   0.000000  -0.000000  141.0000     0.5379
   20.800     0.000   1.515889   0.079665   0.054562   0.134227   0.000000   0.000000  -0.437570   0.000000  -0.000000  141.0000     0.5370
   20.900     0.000   1.514778   0.079810   0.055714   0.135524   0.000000  -0.000000  -0.437325  -0.000000  -0.000000  141.0000     0.5366
   21.000     0.000   1.518111   0.080147   0.056286   0.136433   0.000000  -0.000000  -0.438148  -0.000000  -0.000000  141.0000     0.5359
   21.100     0.000   1.517130   0.080304   0.057416   0.137720   0.000000  -0.000000  -0.437939  -0.000000  -0.000000  141.0000     0.5355
   21.200     0.000   1.520755   0.080658   0.057959   0.138616   0.000000   0.000000  -0.438854  -0.000000  -0.000000  141.0000     0.5349
   21.300     0.000   1.524245   0.081043   0.058503   0.139546   0.000000  -0.000000  -0.439741  -0.000000  -0.000000  141.0000     0.5342
   21.400     0.000   1.527513   0.081426   0.059069   0.140496   0.000000  -0.000000  -0.440574  -0.000000  -0.000000  141.0000     0.5336
   21.500     0.000   1.526844   0.081554   0.060169   0.141722   0.000000  -0.000000  -0.440449  -0.000000  -0.000000  141.0000     0.5331
   21.600     0.000   1.530374   0.081901   0.060728   0.142629   0.000000   0.000000  -0.441363   0.000000  -0.000000  141.0000     0.5325
   21.700     0.000   1.533723   0.082275   0.061294   0.143569   0.000000  -0.000000  -0.442236   0.000000  -0.000000  141.0000     0.5319
   21.800     0.000   1.536900   0.082644   0.061879   0.144524   0.000000  -0.000000  -0.443069  -0.000000  -0.000000  141.0000     0.5313
   21.900     0.000   1.539862   0.082998   0.062493   0.145490   0.000000  -0.000000  -0.443853  -0.000000  -0.000000  141.0000     0.5307
   22.000     0.000   1.540387   0.083031   0.063422   0.146453   0.000000   0.000000  -0.443980  -0.000000  -0.000000  141.0000     0.5301
   22.100     0.000   1.543100   0.083356   0.064098   0.147454   0.000000   0.000000  -0.444736  -0.000000  -0.000000  141.0000     0.5296
   22.200     0.000   1.544846   0.083529   0.064868   0.148398   0.000000  -0.000000  -0.445154   0.000000   0.000000  141.0000     0.5289
   22.300     0.000   1.540577   0.083136   0.066511   0.149647   0.000000  -0.000000  -0.444172   0.000000   0.000000  141.0000     0.5286
   22.400     0.000   1.537844   0.083200   0.067981   0.151181   0.000000  -0.000000  -0.443799  -0.000000  -0.000000  141.0000     0.5286
   22.500     0.000   1.540313   0.083501   0.068706   0.152207   0.000000   0.000000  -0.444532   0.000000  -0.000000  141.0000     0.5282
   22.600     0.000   1.538370   0.083622   0.070069   0.153691   0.000000   0.000000  -0.444342  -0.000000  -0.000000  141.0000     0.5281
   22.700     0.000   1.541279   0.083939   0.070742   0.154681   0.000000   0.000000  -0.445187  -0.000000  -0.000000  141.0000     0.5276
   22.800     0.000   1.539272   0.084031   0.072117   0.156148   0.000000  -0.000000  -0.444978  -0.000000  -0.000000  141.0000     0.5276
   22.900     0.000   1.542522   0.084360   0.072744   0.157104   0.000000  -0.000000  -0.445910  -0.000000  -0.000000  141.0000     0.5270
   23.000     0.000   1.545608   0.084719   0.073378   0.158096   0.000000  -0.000000  -0.446805   0.000000  -0.000000  141.0000     0.5265
   23.100     0.000   1.548368   0.085047   0.074044   0.159091   0.000000  -0.000000  -0.447608   0.000000  -0.000000  141.0000     0.5260
   23.200     0.000   1.546595   0.085080   0.075388   0.160469   0.000000  -0.000000  -0.447433   0.000000  -0.000000  141.0000     0.5259
   23.300     0.000   1.549734   0.085397   0.076037   0.161435   0.000000   0.000000  -0.448357  -0.000000  -0.000000  141.0000     0.5254
   23.400     0.000   1.552755   0.085746   0.076699   0.162445   0.000000   0.000000  -0.449269  -0.000000  -0.000000  141.0000     0.5249
   23.500     0.000   1.555544   0.086089   0.077389   0.163478   0.000000   0.000000  -0.450132  -0.000000  -0.000000  141.0000     0.5244
   23.600     0.000   1.558012   0.086407   0.078127   0.164535   0.000000  -0.000000  -0.450926   0.000000  -0.000000  141.0000     0.5240
   23.700     0.000   1.557749   0.086344   0.079287   0.165631   0.000000  -0.000000  -0.451063  -0.000000  -0.000000  141.0000     0.5237


